71.119,0,0,-129.52658,616.34424,2977.1907,-147.10074,636.5041,2985.9004,-14.489073,-0.8965454,-0.8486824
71.119,0,1,-117.96176,371.78076,2913.5254,-120.726845,389.84436,2922.3123,-14.244734,-1.1272736,0.4781723
71.119,0,2,-310.1263,363.6277,2913.6675,-312.47244,371.9149,2918.9734,-13.562286,-10.885635,-2.9999619
71.119,0,3,-560.4173,185.96945,2900.8943,-559.8367,183.96237,2901.7053,6.0667114,-7.908478,-4.2756786
71.119995,0,4,-747.6326,415.74536,2729.7083,-741.9785,418.79047,2731.2583,5.2449493,4.8311157,0.8994751
71.119995,0,5,74.20279,379.93387,2913.3833,71.018745,407.7738,2925.6511,-14.925919,8.61795,3.952797
71.119995,0,6,386.7836,410.26877,2890.048,387.5682,411.54367,2895.0579,0.8517456,-26.602154,-6.9568195
71.119995,0,7,505.2684,733.0216,2855.663,498.72592,737.4708,2864.9138,-7.3749313,3.034027,4.2539406
71.119995,0,8,-107.12899,115.267136,2845.2473,-95.615555,134.11397,2853.4634,0.0,0.0,0.0
71.121,0,9,-216.56583,-146.34927,2777.058,-192.74817,-133.047,2782.4858,12.745476,-4.330902,-2.4658966
71.121,0,10,-243.41814,-672.7428,2804.5398,-223.35916,-663.8033,2804.2573,-3.511879,-0.08343506,-5.8857403
71.121,0,11,-229.17311,-1158.7896,2646.541,-201.37865,-1152.0939,2654.7432,7.7414894,-2.3771362,8.443802
71.121,0,12,23.973381,-136.14374,2776.8804,51.739655,-110.18582,2786.7432,15.583405,8.220932,1.9498367
71.121,0,13,17.312115,-655.8579,2789.541,36.132233,-641.9525,2797.9985,-8.588209,0.14318848,-1.6634083
71.122,0,14,-14.100214,-1165.9564,2805.7522,4.8036594,-1152.5635,2796.4458,0.09916687,-0.261261,-17.763153
71.647995,1,0,-136.85133,638.36395,2963.9343,-147.10074,636.5041,2985.9004,-6.344681,-3.4823303,12.515144
71.647995,1,1,-116.74344,387.48602,2912.6716,-120.726845,389.84436,2922.3123,-5.6174755,-2.9501953,9.915642
71.649,1,2,-308.73923,375.06198,2903.6968,-312.47244,371.9149,2918.9734,-5.370346,-8.461517,15.550064
71.649,1,3,-560.36096,184.40213,2963.7366,-559.8367,183.96237,2901.7053,-3.8571777,-3.458374,-77.87434
71.649,1,4,-765.16077,429.41376,2832.0454,-741.9785,418.79047,2731.2583,21.155685,-8.246704,-40.161682
71.649,1,5,75.252335,399.91003,2921.6465,71.018745,407.7738,2925.6511,-5.8635254,2.5499878,4.278206
71.649,1,6,399.08112,357.66376,2947.2195,387.5682,411.54367,2895.0579,2.2017212,46.129055,-57.082565
71.649,1,7,547.90295,669.0858,2918.288,498.72592,737.4708,2864.9138,-37.44319,15.152893,-1.2725601
71.649,1,8,-97.248604,128.79506,2853.7356,-95.615555,134.11397,2853.4634,0.0,0.0,0.0
71.65,1,9,-200.15579,-137.8165,2789.078,-192.74817,-133.047,2782.4858,5.7719116,-0.55670166,-6.3217697
71.65,1,10,-233.409,-668.6234,2806.0825,-223.35916,-663.8033,2804.2573,2.6401825,0.0154418945,4.7682896
71.65,1,11,-214.0918,-1152.4307,2640.7764,-201.37865,-1152.0939,2654.7432,2.6844807,-4.9535522,15.64801
71.65,1,12,44.648266,-121.975266,2800.5212,51.739655,-110.18582,2786.7432,5.462387,6.4638367,-13.50769
71.65,1,13,25.480772,-653.7186,2797.5667,36.132233,-641.9525,2797.9985,3.5605946,-0.005554199,14.209584
71.65,1,14,7.872387,-1164.599,2811.9968,4.8036594,-1152.5635,2796.4458,-13.70879,0.45516968,-15.982346
73.05,2,0,-120.8151,633.45197,2972.1497,-147.10074,636.5041,2985.9004,-12.965622,-3.089035,8.586853
73.05,2,1,-107.479256,384.38055,2917.323,-120.726845,389.84436,2922.3123,-11.212538,-2.746399,7.4862366
73.05,2,2,-299.7762,375.71164,2910.2783,-312.47244,371.9149,2918.9734,-10.682449,-12.017303,11.18943
73.05,2,3,-553.2172,189.81316,2967.0364,-559.8367,183.96237,2901.7053,-0.47782898,-7.034363,-74.48369
73.05,2,4,-772.9704,432.74405,2840.914,-741.9785,418.79047,2731.2583,33.13376,-2.3300476,-48.514786
73.05,2,5,84.817696,393.04947,2924.3677,71.018745,407.7738,2925.6511,-11.741058,6.5078125,3.7785492
73.050995,2,6,393.44266,323.58887,2949.1985,387.5682,411.54367,2895.0579,7.1992493,73.22183,-55.35398
73.050995,2,7,567.10474,627.47095,2931.5217,498.72592,737.4708,2864.9138,-60.969772,26.544678,-12.883438
73.050995,2,8,-93.5768,125.86603,2855.9502,-95.615555,134.11397,2853.4634,0.0,0.0,0.0
73.050995,2,9,-202.26753,-138.17511,2790.0862,-192.74817,-133.047,2782.4858,11.545723,-3.1539307,-5.122589
73.050995,2,10,-229.7112,-669.4161,2803.8752,-223.35916,-663.8033,2804.2573,-3.1698685,0.44067383,7.984228
73.050995,2,11,-212.47795,-1153.7566,2640.0127,-201.37865,-1152.0939,2654.7432,4.76696,-4.387512,14.214447
73.052,2,12,42.918846,-127.12189,2799.0686,51.739655,-110.18582,2786.7432,10.878387,8.656937,-9.847145
73.052,2,13,26.901527,-659.00696,2797.2644,36.132233,-641.9525,2797.9985,0.40947056,0.1038208,13.059877
73.052,2,14,5.8159065,-1169.8522,2815.5627,4.8036594,-1152.5635,2796.4458,-10.245037,0.20028687,-19.851177
73.582,3,0,-104.85483,634.89514,2971.201,-147.10074,636.5041,2985.9004,-16.94648,-3.513733,9.700031
73.582,3,1,-95.459885,385.02536,2917.391,-120.726845,389.84436,2922.3123,-16.91339,-3.239624,8.548264
73.582,3,2,-287.78827,381.21136,2907.614,-312.47244,371.9149,2918.9734,-16.353882,-17.372208,14.982086
73.582,3,3,-537.68494,179.28537,2947.8933,-559.8367,183.96237,2901.7053,-7.52359,6.3326874,-58.24936
73.582,3,4,-757.1497,398.26794,2795.2043,-741.9785,418.79047,2731.2583,35.731506,17.897293,-19.247314
73.582,3,5,96.86853,388.83936,2927.1682,71.018745,407.7738,2925.6511,-17.470062,10.863312,2.1064606
73.582,3,6,403.7795,353.1473,2937.401,387.5682,411.54367,2895.0579,0.7824707,39.356445,-39.970028
73.583,3,7,544.2904,665.26624,2888.3777,498.72592,737.4708,2864.9138,-29.31987,13.905914,18.870117
73.583,3,8,-87.25729,126.007576,2857.0776,-95.615555,134.11397,2853.4634,0.0,0.0,0.0
73.583,3,9,-201.67409,-135.44185,2790.5308,-192.74817,-133.047,2782.4858,17.268364,-5.7550354,-4.4422226
73.583,3,10,-225.13426,-666.9122,2803.3638,-223.35916,-663.8033,2804.2573,-7.1541977,0.65545654,8.94088
73.583,3,11,-218.95969,-1156.4556,2654.9316,-201.37865,-1152.0939,2654.7432,15.82518,0.8253784,-1.2129059
73.583,3,12,43.564686,-130.57858,2802.9976,51.739655,-110.18582,2786.7432,16.557251,12.2465515,-12.651009
73.583,3,13,36.25914,-662.60364,2810.0354,36.132233,-641.9525,2797.9985,-8.302081,0.25134277,4.217677
73.584,3,14,2.85466,-1173.0581,2800.051,4.8036594,-1152.5635,2796.4458,2.0716038,-0.22662354,8.431427
75.048996,4,0,-105.436386,629.6914,2962.1484,-147.10074,636.5041,2985.9004,-15.970917,-3.8256836,11.362389
75.048996,4,1,-95.1235,380.04852,2910.14,-120.726845,389.84436,2922.3123,-16.505116,-3.5964813,10.160889
75.048996,4,2,-287.49338,375.59412,2901.6118,-312.47244,371.9149,2918.9734,-15.883514,-17.074265,15.349388
75.048996,4,3,-539.5243,187.33076,2937.6904,-559.8367,183.96237,2901.7053,0.29660034,-3.0096436,-53.65175
75.05,4,4,-739.6251,421.98895,2781.6619,-741.9785,418.79047,2731.2583,16.353989,2.2391663,-15.92041
75.05,4,5,97.246376,384.50293,2918.668,71.018745,407.7738,2925.6511,-17.126266,9.876343,4.971054
75.05,4,6,406.7845,350.68256,2931.039,387.5682,411.54367,2895.0579,0.62075806,37.514133,-42.346733
75.05,4,7,545.85126,663.6774,2887.9448,498.72592,737.4708,2864.9138,-28.062988,12.4809265,12.99194
75.05,4,8,-86.5167,120.7153,2851.4502,-95.615555,134.11397,2853.4634,0.0,0.0,0.0
75.05,4,9,-200.55632,-141.45786,2787.3235,-192.74817,-133.047,2782.4858,16.904457,-4.994812,-6.8526917
75.05,4,10,-229.71515,-672.70056,2797.49,-223.35916,-663.8033,2804.2573,-1.4553566,0.43103027,11.607252
75.050995,4,11,-215.70071,-1160.376,2643.541,-201.37865,-1152.0939,2654.7432,7.985365,-1.0435791,4.3036346
75.050995,4,12,44.736504,-135.77798,2798.1975,51.739655,-110.18582,2786.7432,16.10588,12.1870575,-13.469284
75.050995,4,13,35.410275,-667.562,2813.5764,36.132233,-641.9525,2797.9985,-6.280411,0.044006348,-4.1240997
75.050995,4,14,-2.5744667,-1173.6753,2755.4136,4.8036594,-1152.5635,2796.4458,6.699953,-3.7840576,56.612278
75.582,5,0,-104.90574,634.5403,2978.556,-147.10074,636.5041,2985.9004,-17.8213,-2.3096466,4.2517242
75.582,5,1,-96.379974,385.8218,2919.2842,-120.726845,389.84436,2922.3123,-17.457136,-2.061737,3.6305847
75.582,5,2,-288.8578,381.65253,2913.1704,-312.47244,371.9149,2918.9734,-16.7379,-15.826202,6.404442
75.582,5,3,-537.7371,187.41078,2950.631,-559.8367,183.96237,2901.7053,-3.8694305,2.1979523,-55.104645
75.582,5,4,-739.46564,410.87146,2784.9841,-741.9785,418.79047,2731.2583,19.047516,12.0625305,-5.3045807
75.582,5,5,96.097855,389.9911,2925.398,71.018745,407.7738,2925.6511,-18.17575,11.696716,0.8551178
75.582,5,6,404.2874,349.40054,2929.2463,387.5682,411.54367,2895.0579,1.2218628,44.275406,-33.75179
75.583,5,7,545.84186,661.4265,2886.5588,498.72592,737.4708,2864.9138,-30.523842,13.528473,12.577927
75.583,5,8,-88.723785,128.00894,2854.0603,-95.615555,134.11397,2853.4634,0.0,0.0,0.0
75.583,5,9,-203.77692,-132.46194,2784.939,-192.74817,-133.047,2782.4858,17.91343,-6.709564,-1.8613815
75.583,5,10,-225.71893,-663.7649,2804.2744,-223.35916,-663.8033,2804.2573,-8.670322,0.5233154,2.4369926
75.583,5,11,-213.03775,-1152.9646,2654.9607,-201.37865,-1152.0939,2654.7432,9.320623,0.4361267,-0.34527588
75.583,5,12,41.641727,-127.14592,2792.7344,51.739655,-110.18582,2786.7432,17.000427,10.83728,-5.399147
75.583,5,13,35.051735,-659.11456,2800.8486,36.132233,-641.9525,2797.9985,-9.016157,0.24523926,3.1401958
75.584,5,14,7.014576,-1169.3809,2804.718,4.8036594,-1152.5635,2796.4458,-3.2593956,0.17718506,-5.420532
77.048004,6,0,-106.301605,623.3815,2972.3672,-147.10074,636.5041,2985.9004,-20.130087,-3.0309906,7.0686455
77.048996,6,1,-100.1238,374.30804,2916.0068,-120.726845,389.84436,2922.3123,-19.482765,-2.556549,5.405792
77.048996,6,2,-292.6446,371.41714,2910.6855,-312.47244,371.9149,2918.9734,-18.730362,-17.610703,7.3842087
77.048996,6,3,-558.4436,196.04167,2935.5618,-559.8367,183.96237,2901.7053,11.864685,-17.569138,-42.602936
77.048996,6,4,-755.7365,439.6002,2795.029,-741.9785,418.79047,2731.2583,14.668625,-8.108429,-30.365768
77.048996,6,5,92.396965,377.19894,2921.3276,71.018745,407.7738,2925.6511,-20.232605,12.470856,3.420662
77.048996,6,6,402.50595,350.2931,2928.4734,387.5682,411.54367,2895.0579,-0.21871948,30.596415,-37.09543
77.048996,6,7,545.4972,661.99695,2886.2095,498.72592,737.4708,2864.9138,-31.880592,14.085297,12.132637
77.05,6,8,-94.490814,115.97565,2852.5515,-95.615555,134.11397,2853.4634,0.0,0.0,0.0
77.05,6,9,-211.59602,-144.1998,2785.704,-192.74817,-133.047,2782.4858,19.957916,-7.025879,-4.140854
77.05,6,10,-221.66815,-676.07385,2798.7388,-223.35916,-663.8033,2804.2573,-20.541458,1.0727539,8.738661
77.05,6,11,-215.63239,-1165.6276,2650.2827,-201.37865,-1152.0939,2654.7432,15.964642,0.8211975,-1.1934204
77.05,6,12,33.880383,-140.5137,2792.4888,51.739655,-110.18582,2786.7432,19.006287,12.152634,-6.667557
77.05,6,13,39.379333,-672.1118,2812.07,36.132233,-641.9525,2797.9985,-21.10263,-0.041015625,-8.328628
77.05,6,14,5.1418533,-1178.1376,2754.047,4.8036594,-1152.5635,2796.4458,2.9752064,-3.5046082,56.4735
77.582,7,0,-111.68133,628.5551,2973.113,-147.10074,636.5041,2985.9004,-19.612692,-3.41568,8.849865
77.582,7,1,-104.94017,378.66718,2918.423,-120.726845,389.84436,2922.3123,-20.158926,-3.0026245,7.192024
77.582,7,2,-297.51355,375.66943,2915.5237,-312.47244,371.9149,2918.9734,-19.355103,-17.948975,6.7488327
77.582,7,3,-559.8252,194.26843,2929.8386,-559.8367,183.96237,2901.7053,8.509125,-11.443466,-32.032455
77.583,7,4,-751.34973,438.26617,2779.2273,-741.9785,418.79047,2731.2583,8.200745,-7.645813,-20.941757
77.583,7,5,87.633194,381.66492,2921.3225,71.018745,407.7738,2925.6511,-20.960358,11.919128,7.628601
77.583,7,6,398.9621,348.636,2929.1787,387.5682,411.54367,2895.0579,0.3713379,36.741047,-37.980804
77.583,7,7,543.3041,660.1786,2880.3743,498.72592,737.4708,2864.9138,-32.82109,15.449402,18.561914
77.583,7,8,-99.98331,119.88834,2856.754,-95.615555,134.11397,2853.4634,0.0,0.0,0.0
77.583,7,9,-217.79842,-140.80167,2793.2363,-192.74817,-133.047,2782.4858,20.667427,-6.51239,-7.47097
77.583,7,10,-225.2577,-672.7875,2803.505,-223.35916,-663.8033,2804.2573,-23.154768,1.1763916,11.50511
77.583,7,11,-215.16536,-1162.2671,2654.8154,-201.37865,-1152.0939,2654.7432,11.910677,0.6890259,-0.9778137
77.584,7,12,27.745523,-136.97934,2796.933,51.739655,-110.18582,2786.7432,19.649254,12.529968,-6.909767
77.584,7,13,35.681046,-668.38086,2822.94,36.132233,-641.9525,2797.9985,-23.542412,-0.34710693,-14.751848
77.584,7,14,4.127821,-1172.3383,2741.6902,4.8036594,-1152.5635,2796.4458,0.2328682,-6.5196533,79.697426
79.048996,8,0,-115.30321,632.4249,2990.0332,-147.10074,636.5041,2985.9004,-16.648033,-1.263794,0.19096375
79.048996,8,1,-105.59576,384.67358,2926.6804,-120.726845,389.84436,2922.3123,-17.466284,-1.2159424,0.37319946
79.048996,8,2,-298.0845,380.40662,2921.1985,-312.47244,371.9149,2918.9734,-16.730408,-14.882309,2.5152893
79.048996,8,3,-556.5544,191.402,2933.8096,-559.8367,183.96237,2901.7053,3.710617,-4.5667877,-30.395384
79.048996,8,4,-757.28424,438.42957,2797.9426,-741.9785,418.79047,2731.2583,16.733047,-9.807953,-36.315933
79.048996,8,5,86.893,388.94052,2932.1624,71.018745,407.7738,2925.6511,-18.201538,12.444122,-1.7705841
79.05,8,6,400.03772,349.2966,2938.2146,387.5682,411.54367,2895.0579,1.0712891,43.385998,-36.419987
79.05,8,7,541.4018,661.5776,2888.9534,498.72592,737.4708,2864.9138,-30.003433,14.24118,19.062157
79.05,8,8,-97.94945,127.713974,2858.2012,-95.615555,134.11397,2853.4634,0.0,0.0,0.0
79.05,8,9,-213.02242,-131.96597,2786.227,-192.74817,-133.047,2782.4858,17.935722,-7.493744,0.9931946
79.05,8,10,-222.018,-663.7887,2802.247,-223.35916,-663.8033,2804.2573,-21.618628,1.0105591,5.7537594
79.05,8,11,-215.28519,-1153.0361,2652.777,-201.37865,-1152.0939,2654.7432,15.268061,0.50445557,-0.18270874
79.05,8,12,32.416145,-126.52527,2793.2168,51.739655,-110.18582,2786.7432,16.996658,9.92778,-1.7390289
79.050995,8,13,30.230928,-658.59656,2797.1863,36.132233,-641.9525,2797.9985,-13.421496,0.32873535,7.2853775
79.050995,8,14,13.985428,-1169.7361,2792.9766,4.8036594,-1152.5635,2796.4458,-15.073364,0.6867981,2.6574636
79.581,9,0,-112.69792,635.65784,2996.0334,-147.10074,636.5041,2985.9004,-20.801073,-0.82910156,-1.9654312
79.581,9,1,-107.1859,388.7376,2930.6265,-120.726845,389.84436,2922.3123,-21.444275,-0.8905029,-1.159195
79.581,9,2,-299.78784,386.44177,2928.9421,-312.47244,371.9149,2918.9734,-20.615433,-16.538422,-2.81736
79.582,9,3,-559.3325,189.40007,2929.8315,-559.8367,183.96237,2901.7053,0.47875977,0.1980133,-18.974344
79.582,9,4,-757.3812,428.96008,2785.1956,-741.9785,418.79047,2731.2583,15.782944,-4.572159,-25.927002
79.582,9,5,85.416046,391.03345,2932.3108,71.018745,407.7738,2925.6511,-22.270859,14.734131,0.4927063
79.582,9,6,373.99918,188.1943,2904.9873,387.5682,411.54367,2895.0579,63.545807,207.03273,-6.7083893
79.582,9,7,652.1938,388.94843,2841.7058,498.72592,737.4708,2864.9138,-166.01561,128.16754,32.860497
79.582,9,8,-103.51399,132.06691,2860.605,-95.615555,134.11397,2853.4634,0.0,0.0,0.0
79.582,9,9,-222.63159,-126.067444,2789.5098,-192.74817,-133.047,2782.4858,21.968391,-9.072235,0.10555267
79.582,9,10,-225.06839,-658.1448,2796.2866,-223.35916,-663.8033,2804.2573,-28.17662,1.2789917,14.996355
79.582,9,11,-220.0987,-1151.9346,2662.5728,-201.37865,-1152.0939,2654.7432,17.03046,5.062866,-15.933899
79.583,9,12,22.947418,-123.14011,2791.6572,51.739655,-110.18582,2786.7432,20.919006,10.865433,2.2161255
79.583,9,13,31.209517,-654.98486,2803.513,36.132233,-641.9525,2797.9985,-23.867357,0.15167236,-0.601902
79.583,9,14,6.669016,-1165.3887,2792.2832,4.8036594,-1152.5635,2796.4458,-6.760107,0.24862671,9.678388
81.048004,10,0,-92.8417,628.18555,2976.1223,-147.10074,636.5041,2985.9004,-29.03736,-3.580841,9.274227
81.048004,10,1,-95.57815,378.62756,2921.9844,-120.726845,389.84436,2922.3123,-28.35141,-3.4459991,8.965797
81.048004,10,2,-288.16208,380.25043,2925.3699,-312.47244,371.9149,2918.9734,-27.5309,-23.006256,2.2394485
81.048004,10,3,-552.69336,214.83458,2931.883,-559.8367,183.96237,2901.7053,16.44217,-23.087448,-23.831852
81.048004,10,4,-749.9335,460.87427,2795.379,-741.9785,418.79047,2731.2583,14.5555725,-10.511917,-34.450714
81.048996,10,5,97.00579,377.00473,2918.5989,71.018745,407.7738,2925.6511,-29.170746,16.101807,15.688812
81.048996,10,6,233.92786,22.873657,2929.2178,387.5682,411.54367,2895.0579,241.11774,358.63324,-47.154957
81.048996,10,7,505.89328,-216.59763,2804.8706,498.72592,737.4708,2864.9138,-148.7706,600.6926,90.93887
81.048996,10,8,-98.81525,119.42042,2862.093,-95.615555,134.11397,2853.4634,0.0,0.0,0.0
81.048996,10,9,-224.82787,-138.75214,2804.3599,-192.74817,-133.047,2782.4858,28.869919,-9.016144,-13.251755
81.048996,10,10,-224.95479,-670.88617,2801.1204,-223.35916,-663.8033,2804.2573,-30.487522,1.3178711,25.013441
81.048996,10,11,-222.5243,-1160.7478,2653.7742,-201.37865,-1152.0939,2654.7432,19.567522,1.1825562,-2.2869263
81.048996,10,12,20.723158,-140.82132,2800.0435,51.739655,-110.18582,2786.7432,27.832062,15.916626,-4.6775665
81.048996,10,13,25.661804,-672.3253,2824.0547,36.132233,-641.9525,2797.9985,-20.544727,-0.21704102,-12.756826
81.05,10,14,9.854915,-1176.6613,2741.2056,4.8036594,-1152.5635,2796.4458,-15.507386,-6.041992,81.2971
81.581,11,0,-99.43344,618.6644,2955.629,-147.10074,636.5041,2985.9004,-29.173843,-5.2318573,17.581886
81.581,11,1,-102.37177,368.06705,2909.9563,-120.726845,389.84436,2922.3123,-28.899076,-4.7675934,15.041435
81.581,11,2,-294.83862,369.28128,2917.6255,-312.47244,371.9149,2918.9734,-28.183792,-23.906967,4.0345917
81.581,11,3,-553.2391,198.59413,2935.6875,-559.8367,183.96237,2901.7053,11.7812195,-16.699295,-35.27807
81.581,11,4,-749.27545,433.99323,2780.1514,-741.9785,418.79047,2731.2583,13.381302,0.09068298,-15.391159
81.582,11,5,90.095055,366.8528,2902.287,71.018745,407.7738,2925.6511,-29.61531,14.381409,26.050888
81.582,11,6,256.81393,39.15576,2927.6934,387.5682,411.54367,2895.0579,200.09198,332.0655,-60.857075
81.582,11,7,539.0724,-202.16269,2826.148,498.72592,737.4708,2864.9138,-158.45995,604.3099,67.973404
81.582,11,8,-106.15932,107.56659,2856.1482,-95.615555,134.11397,2853.4634,0.0,0.0,0.0
81.582,11,9,-232.6493,-152.15976,2807.2295,-192.74817,-133.047,2782.4858,29.355675,-7.43927,-22.060081
81.582,11,10,-229.59395,-684.18726,2797.1206,-223.35916,-663.8033,2804.2573,-33.669132,1.2229614,31.882349
81.582,11,11,-214.58873,-1177.9917,2664.2273,-201.37865,-1152.0939,2654.7432,6.994776,5.0811157,-16.753357
81.582,11,12,12.755575,-153.70798,2797.4507,51.739655,-110.18582,2786.7432,28.442894,16.97049,-8.023872
81.582,11,13,25.979424,-684.2449,2835.18,36.132233,-641.9525,2797.9985,-28.829111,-1.156311,-26.475433
81.582,11,14,11.207541,-1186.1072,2737.726,4.8036594,-1152.5635,2796.4458,-16.549137,-8.625519,95.9015
83.048004,12,0,-98.002686,625.7924,2962.3901,-147.10074,636.5041,2985.9004,-31.309092,-4.4424286,13.54858
83.048004,12,1,-102.92543,374.5738,2912.3206,-120.726845,389.84436,2922.3123,-30.875278,-4.0839386,11.997398
83.048004,12,2,-295.49414,378.24387,2915.0713,-312.47244,371.9149,2918.9734,-30.057983,-25.679047,5.9090424
83.048004,12,3,-551.62854,199.28693,2936.001,-559.8367,183.96237,2901.7053,7.171982,-10.209915,-38.30932
83.048996,12,4,-750.64667,434.18436,2785.3113,-741.9785,418.79047,2731.2583,16.782959,0.050979614,-19.84465
83.048996,12,5,89.643295,370.90375,2909.5698,71.018745,407.7738,2925.6511,-31.693604,17.520966,18.088417
83.048996,12,6,254.13217,42.812195,2932.4846,387.5682,411.54367,2895.0579,201.51051,332.45032,-58.287197
83.048996,12,7,537.83276,-189.81224,2819.5945,498.72592,737.4708,2864.9138,-160.2666,594.54706,79.41698
83.048996,12,8,-108.68921,114.75731,2855.4685,-95.615555,134.11397,2853.4634,0.0,0.0,0.0
83.048996,12,9,-237.2223,-142.71939,2800.37,-192.74817,-133.047,2782.4858,31.398605,-9.689423,-15.880524
83.048996,12,10,-228.59776,-674.7351,2799.679,-223.35916,-663.8033,2804.2573,-39.235657,1.2573242,22.462734
83.048996,12,11,-218.39189,-1163.2369,2648.2166,-201.37865,-1152.0939,2654.7432,11.79204,-0.17520142,1.8299103
83.048996,12,12,8.316336,-147.39899,2796.8628,51.739655,-110.18582,2786.7432,30.352531,17.851776,-8.115799
83.05,12,13,24.965034,-679.01154,2810.9695,36.132233,-641.9525,2797.9985,-32.254524,-0.099731445,-2.8524714
83.05,12,14,10.775918,-1184.0602,2735.574,4.8036594,-1152.5635,2796.4458,-17.094685,-4.832611,73.84499
83.552,13,0,-109.37363,624.6859,2984.728,-147.10074,636.5041,2985.9004,-25.52799,-1.7442169,1.3329468
83.552,13,1,-108.492004,375.9479,2922.3867,-120.726845,389.84436,2922.3123,-25.565239,-1.7868805,2.1147003
83.552,13,2,-301.0804,375.3723,2925.9165,-312.47244,371.9149,2918.9734,-24.728561,-19.137924,-4.7531433
83.552,13,3,-553.45026,199.32425,2937.939,-559.8367,183.96237,2901.7053,7.555176,-9.967239,-29.112547
83.552,13,4,-750.7673,434.3749,2781.895,-741.9785,418.79047,2731.2583,14.276993,0.9354248,-15.243591
83.553,13,5,84.096405,376.5235,2918.857,71.018745,407.7738,2925.6511,-26.402557,15.570953,8.984375
83.553,13,6,253.71948,46.87683,2937.896,387.5682,411.54367,2895.0579,199.84546,334.04675,-54.746742
83.553,13,7,538.1983,-176.7539,2808.6604,498.72592,737.4708,2864.9138,-160.92075,585.9171,95.72879
83.553,13,8,-108.945526,118.42627,2855.6514,-95.615555,134.11397,2853.4634,0.0,0.0,0.0
83.553,13,9,-232.17865,-139.46231,2791.1665,-192.74817,-133.047,2782.4858,26.098427,-9.278107,-6.4942017
83.553,13,10,-236.07626,-671.3887,2805.0244,-223.35916,-663.8033,2804.2573,-26.71552,1.1329346,7.915098
83.553,13,11,-211.6425,-1155.4019,2641.33,-201.37865,-1152.0939,2654.7432,-2.4365826,-4.6476135,14.066818
83.553,13,12,13.380556,-138.72842,2786.6655,51.739655,-110.18582,2786.7432,25.032333,12.849609,2.2641754
83.553,13,13,21.357815,-670.7363,2794.361,36.132233,-641.9525,2797.9985,-23.584934,0.23260498,3.5599966
83.553,13,14,9.742524,-1181.6879,2802.5322,4.8036594,-1152.5635,2796.4458,-19.687279,0.7644043,-9.722588
85.052,14,0,-102.071785,629.4614,2974.5803,-147.10074,636.5041,2985.9004,-30.072367,-3.6996765,9.842579
85.053,14,1,-105.71718,378.6056,2920.7068,-120.726845,389.84436,2922.3123,-28.72223,-3.552826,9.451149
85.053,14,2,-298.25134,380.14035,2925.698,-312.47244,371.9149,2918.9734,-27.948776,-23.034409,1.1165314
85.053,14,3,-552.792,199.91461,2942.7417,-559.8367,183.96237,2901.7053,6.220978,-8.452744,-34.378464
85.053,14,4,-751.3848,434.1938,2782.6973,-741.9785,418.79047,2731.2583,14.469238,3.103897,-12.257095
85.053,14,5,86.816986,377.07083,2915.7156,71.018745,407.7738,2925.6511,-29.4926,15.897125,17.77726
85.053,14,6,258.60864,37.893585,2933.6982,387.5682,411.54367,2895.0579,207.04355,343.6889,-54.5956
85.053,14,7,541.9586,-203.34732,2826.0122,498.72592,737.4708,2864.9138,-158.77512,606.50867,73.903496
85.054,14,8,-109.32439,119.28436,2861.2988,-95.615555,134.11397,2853.4634,0.0,0.0,0.0
85.054,14,9,-235.66965,-139.05847,2805.0728,-192.74817,-133.047,2782.4858,29.202469,-8.8461,-14.7589035
85.054,14,10,-234.20721,-670.97845,2796.5762,-223.35916,-663.8033,2804.2573,-32.068016,1.2575073,30.264217
85.054,14,11,-212.95967,-1164.2896,2663.331,-201.37865,-1152.0939,2654.7432,0.7454281,4.7437744,-16.353775
85.054,14,12,9.806447,-141.01526,2798.709,51.739655,-110.18582,2786.7432,28.23983,15.974197,-4.1373672
85.054,14,13,22.245846,-672.85114,2810.7825,36.132233,-641.9525,2797.9985,-28.046926,0.06555176,-0.81803894
85.054,14,14,8.469985,-1181.0309,2757.6067,4.8036594,-1152.5635,2796.4458,-17.526165,-1.9985352,51.624363
85.581,15,0,-98.70387,623.02594,2961.708,-147.10074,636.5041,2985.9004,-30.840754,-4.892914,15.853104
85.582,15,1,-103.22943,372.02228,2914.1145,-120.726845,389.84436,2922.3123,-29.531546,-4.5079956,13.846466
85.582,15,2,-295.8064,374.63358,2917.2317,-312.47244,371.9149,2918.9734,-28.708282,-25.048904,7.390442
85.582,15,3,-553.04755,198.69649,2942.0137,-559.8367,183.96237,2901.7053,8.694717,-12.913696,-42.132576
85.582,15,4,-750.6315,433.07037,2783.9248,-741.9785,418.79047,2731.2583,14.212128,2.0399323,-13.50914
85.582,15,5,89.34752,369.41095,2910.9973,71.018745,407.7738,2925.6511,-30.35495,16.034119,20.302818
85.582,15,6,261.95813,33.155487,2936.6467,387.5682,411.54367,2895.0579,204.44633,340.74594,-62.090485
85.582,15,7,552.08984,-203.63135,2838.585,498.72592,737.4708,2864.9138,-165.64825,601.7866,64.304016
85.582,15,8,-107.6487,111.77379,2859.1094,-95.615555,134.11397,2853.4634,0.0,0.0,0.0
85.582,15,9,-234.84035,-146.8099,2806.0916,-192.74817,-133.047,2782.4858,30.055305,-8.587524,-17.96244
85.582,15,10,-232.57321,-678.9094,2809.7356,-223.35916,-663.8033,2804.2573,-32.88002,1.3103638,18.128788
85.583,15,11,-214.28143,-1167.0529,2657.7214,-201.37865,-1152.0939,2654.7432,3.7081451,-0.5783081,2.367981
85.583,15,12,10.704416,-150.13947,2802.117,51.739655,-110.18582,2786.7432,29.00779,17.60405,-9.730362
85.583,15,13,26.51191,-681.23773,2829.601,36.132233,-641.9525,2797.9985,-31.412834,-0.5975952,-16.230259
85.583,15,14,7.5276165,-1186.8365,2755.1423,4.8036594,-1152.5635,2796.4458,-12.333937,-4.843567,72.90652
87.048004,16,0,-101.97944,625.42456,2976.4656,-147.10074,636.5041,2985.9004,-29.22716,-3.1311493,7.263138
87.048004,16,1,-104.94512,376.68506,2920.4116,-120.726845,389.84436,2922.3123,-27.85594,-3.1178741,7.5387726
87.048996,16,2,-297.5396,378.01556,2923.4048,-312.47244,371.9149,2918.9734,-27.026321,-22.385696,1.2047882
87.048996,16,3,-553.8317,200.17036,2942.0742,-559.8367,183.96237,2901.7053,7.8447266,-10.930313,-36.013115
87.048996,16,4,-751.608,433.29025,2781.8665,-741.9785,418.79047,2731.2583,14.277908,3.457077,-11.508652
87.048996,16,5,87.649345,375.3545,2917.4185,71.018745,407.7738,2925.6511,-28.684387,16.138,13.86953
87.048996,16,6,260.6466,33.792084,2933.065,387.5682,411.54367,2895.0579,208.39291,346.1045,-52.506344
87.048996,16,7,556.7347,-196.8636,2835.9731,498.72592,737.4708,2864.9138,-171.42346,596.1866,63.28492
87.048996,16,8,-107.686584,117.804306,2859.0928,-95.615555,134.11397,2853.4634,0.0,0.0,0.0
87.048996,16,9,-233.21133,-140.22818,2799.6821,-192.74817,-133.047,2782.4858,28.381203,-9.158539,-11.5748825
87.048996,16,10,-233.73631,-672.32776,2804.4849,-223.35916,-663.8033,2804.2573,-30.088179,1.3057861,16.97029
87.05,16,11,-215.2826,-1160.7461,2653.3184,-201.37865,-1152.0939,2654.7432,3.5469341,-0.3196411,1.5153503
87.05,16,12,12.35525,-141.92468,2795.8657,51.739655,-110.18582,2786.7432,27.329964,15.401718,-3.5006714
87.05,16,13,22.758415,-673.8014,2807.0227,36.132233,-641.9525,2797.9985,-26.01002,0.1293335,0.097979546
87.05,16,14,7.484831,-1183.9078,2775.5637,4.8036594,-1152.5635,2796.4458,-16.038471,-0.23529053,29.907068
87.586,17,0,-99.22382,624.1525,2969.1047,-147.10074,636.5041,2985.9004,-29.45265,-3.8426056,10.469395
87.586,17,1,-102.237404,373.04065,2915.8289,-120.726845,389.84436,2922.3123,-30.063759,-3.70224,10.206703
87.586,17,2,-294.7708,375.55176,2920.9832,-312.47244,371.9149,2918.9734,-29.275116,-24.136185,1.7153168
87.587006,17,3,-554.65344,202.29921,2943.327,-559.8367,183.96237,2901.7053,10.937698,-15.901016,-39.72216
87.587006,17,4,-749.15247,435.91333,2775.1826,-741.9785,418.79047,2731.2583,9.809937,4.4980316,-4.6864166
87.587006,17,5,90.29601,370.52954,2910.6746,71.018745,407.7738,2925.6511,-30.853745,16.744598,18.701569
87.587006,17,6,260.18448,33.455902,2930.393,387.5682,411.54367,2895.0579,206.31305,341.55392,-56.076904
87.587006,17,7,551.35004,-202.11826,2832.969,498.72592,737.4708,2864.9138,-166.72218,600.4564,63.67719
87.587006,17,8,-107.190704,113.616486,2857.189,-95.615555,134.11397,2853.4634,0.0,0.0,0.0
87.587006,17,9,-234.88956,-144.20679,2801.835,-192.74817,-133.047,2782.4858,30.56829,-9.332031,-15.622032
87.587006,17,10,-231.45532,-676.26196,2802.9749,-223.35916,-663.8033,2804.2573,-34.04428,1.3152466,20.63092
87.587006,17,11,-217.29137,-1166.1877,2656.248,-201.37865,-1152.0939,2654.7432,7.8372173,1.1762695,-2.9278717
87.588,17,12,10.60154,-147.40857,2795.2632,51.739655,-110.18582,2786.7432,29.559853,16.730438,-4.793022
87.588,17,13,27.221209,-678.59845,2822.3472,36.132233,-641.9525,2797.9985,-32.227818,-0.6015625,-15.82809
87.588,17,14,2.7433224,-1183.7886,2746.4106,4.8036594,-1152.5635,2796.4458,-6.843214,-5.2990417,74.38416
89.048004,18,0,-96.59144,620.44604,2954.0815,-147.10074,636.5041,2985.9004,-32.204052,-5.0378876,16.77436
89.048004,18,1,-102.47721,369.26855,2907.4019,-120.726845,389.84436,2922.3123,-30.657438,-4.526352,14.034798
89.048004,18,2,-295.03552,373.26254,2907.9094,-312.47244,371.9149,2918.9734,-29.854218,-26.465775,10.184158
89.048004,18,3,-552.81866,212.82327,2932.7134,-559.8367,183.96237,2901.7053,15.589813,-23.58429,-41.711052
89.048004,18,4,-746.05975,446.81635,2771.796,-741.9785,418.79047,2731.2583,10.620956,1.4516602,-9.977127
89.048996,18,5,90.08109,365.2746,2906.8943,71.018745,407.7738,2925.6511,-31.457779,17.383118,17.877396
89.048996,18,6,302.11472,60.439514,2947.1208,387.5682,411.54367,2895.0579,159.7062,309.26224,-76.153755
89.048996,18,7,512.72845,-177.35837,2734.5618,498.72592,737.4708,2864.9138,-87.7074,598.17334,179.22902
89.048996,18,8,-108.02046,108.982285,2852.5798,-95.615555,134.11397,2853.4634,0.0,0.0,0.0
89.048996,18,9,-236.33163,-148.7576,2798.0813,-192.74817,-133.047,2782.4858,31.169426,-9.4461975,-16.48568
89.048996,18,10,-230.52957,-680.8484,2797.9539,-223.35916,-663.8033,2804.2573,-36.415276,1.2960815,21.900503
89.048996,18,11,-219.18289,-1169.807,2647.6956,-201.37865,-1152.0939,2654.7432,10.655762,0.18093872,0.5950012
89.048996,18,12,9.204224,-153.8504,2797.4343,51.739655,-110.18582,2786.7432,30.144379,18.509933,-11.580986
89.048996,18,13,25.08831,-685.3156,2815.1084,36.132233,-641.9525,2797.9985,-31.488033,-0.18304443,-6.4212084
89.05,18,14,0.84337807,-1192.7451,2758.005,4.8036594,-1152.5635,2796.4458,-7.061241,-2.8163757,55.55189
89.548996,19,0,-97.90854,619.15533,2945.8267,-147.10074,636.5041,2985.9004,-25.1037,-6.5224304,25.314499
89.548996,19,1,-96.884186,368.27237,2908.1458,-120.726845,389.84436,2922.3123,-25.638832,-5.7224884,19.748589
89.548996,19,2,-289.4738,369.2363,2905.0857,-312.47244,371.9149,2918.9734,-24.792862,-24.610153,19.471306
89.548996,19,3,-549.5758,214.89609,2924.02,-559.8367,183.96237,2901.7053,19.18512,-28.713486,-35.752316
89.548996,19,4,-736.5953,447.42548,2754.5657,-741.9785,418.79047,2731.2583,4.5761414,2.6873932,-1.2748108
89.548996,19,5,95.705414,367.30844,2911.2058,71.018745,407.7738,2925.6511,-26.485916,13.176117,20.028824
89.548996,19,6,359.3516,176.47766,2961.706,387.5682,411.54367,2895.0579,64.16022,194.73471,-82.18144
89.55,19,7,458.40063,-146.68161,2824.147,498.72592,737.4708,2864.9138,18.295593,667.2272,105.73725
89.55,19,8,-97.4126,106.82834,2859.0479,-95.615555,134.11397,2853.4634,0.0,0.0,0.0
89.55,19,9,-220.72284,-154.00116,2807.999,-192.74817,-133.047,2782.4858,26.179955,-6.3250427,-19.92701
89.55,19,10,-228.54333,-685.9764,2802.1736,-223.35916,-663.8033,2804.2573,-22.789383,1.2382202,27.596132
89.55,19,11,-211.45735,-1173.5641,2648.0789,-201.37865,-1152.0939,2654.7432,4.9161224,-1.1825256,4.4337006
89.55,19,12,24.84082,-155.23022,2811.901,51.739655,-110.18582,2786.7432,25.098267,17.764633,-19.57164
89.55,19,13,29.339376,-687.20355,2818.209,36.132233,-641.9525,2797.9985,-20.103485,0.29156494,4.945467
89.55,19,14,8.167696,-1191.5746,2735.0889,4.8036594,-1152.5635,2796.4458,-10.159283,-6.2789,81.56726
91.048004,20,0,-120.19458,630.8116,2991.7524,-147.10074,636.5041,2985.9004,-10.293016,-0.35054016,-2.036663
91.048004,20,1,-104.29609,385.50708,2926.5674,-120.726845,389.84436,2922.3123,-12.102766,-1.7658539,3.3106537
91.048004,20,2,-296.63452,375.28574,2928.5454,-312.47244,371.9149,2918.9734,-11.527756,-9.4823,-2.008339
91.048004,20,3,-551.197,198.4444,2917.8518,-559.8367,183.96237,2901.7053,7.9969177,-10.504349,-6.518711
91.048004,20,4,-736.9652,426.5173,2738.2656,-741.9785,418.79047,2731.2583,2.538498,8.1577,8.12117
91.048996,20,5,88.042336,395.7284,2924.5894,71.018745,407.7738,2925.6511,-12.676529,5.937378,8.626076
91.048996,20,6,381.0768,274.23047,2963.948,387.5682,411.54367,2895.0579,25.116852,125.286865,-70.10672
91.048996,20,7,493.96725,-23.646698,2838.8943,498.72592,737.4708,2864.9138,-2.8451538,620.5426,95.211334
91.048996,20,8,-91.2845,127.97961,2861.0208,-95.615555,134.11397,2853.4634,0.0,0.0,0.0
91.048996,20,9,-200.89232,-136.06415,2796.735,-192.74817,-133.047,2782.4858,12.464966,-3.1453552,-6.6993713
91.048996,20,10,-227.90921,-667.4914,2802.0007,-223.35916,-663.8033,2804.2573,-3.5973053,0.6154175,16.508139
91.048996,20,11,-218.92561,-1156.7896,2652.826,-201.37865,-1152.0939,2654.7432,13.017149,0.558136,-0.4769745
91.048996,20,12,44.34649,-123.031555,2794.2131,51.739655,-110.18582,2786.7432,11.739761,6.6856384,0.08036804
91.048996,20,13,32.87856,-654.9381,2800.0535,36.132233,-641.9525,2797.9985,-4.137953,0.19226074,5.413929
91.05,20,14,1.5329285,-1164.823,2801.24,4.8036594,-1152.5635,2796.4458,0.061433792,-0.0027770996,-2.7370584
91.548996,21,0,-123.63529,622.1992,2983.8716,-147.10074,636.5041,2985.9004,-7.3679047,-0.73786926,0.24269867
91.548996,21,1,-104.91981,377.51855,2921.2266,-120.726845,389.84436,2922.3123,-9.040907,-1.8323822,4.2582855
91.548996,21,2,-297.17502,366.0799,2919.0054,-312.47244,371.9149,2918.9734,-8.532242,-8.326157,3.139824
91.548996,21,3,-555.23914,194.41606,2902.6077,-559.8367,183.96237,2901.7053,11.312546,-15.823166,-0.82759285
91.548996,21,4,-736.9739,425.9901,2731.2883,-741.9785,418.79047,2731.2583,0.6572418,1.8818359,1.8683167
91.548996,21,5,87.33541,388.9572,2923.4478,71.018745,407.7738,2925.6511,-9.549042,4.6556396,5.375206
91.55,21,6,380.30713,290.27365,2993.7295,387.5682,411.54367,2895.0579,22.56955,102.44142,-100.77756
91.55,21,7,490.70013,-2.674591,2855.6655,498.72592,737.4708,2864.9138,-0.3695755,615.54956,108.22752
91.55,21,8,-88.84898,119.951294,2856.6348,-95.615555,134.11397,2853.4634,0.0,0.0,0.0
91.55,21,9,-195.35501,-144.90897,2790.6267,-192.74817,-133.047,2782.4858,9.371132,-2.3069763,-4.9711456
91.55,21,10,-226.55284,-675.95215,2803.9058,-223.35916,-663.8033,2804.2573,0.58449936,0.24639893,8.494095
91.55,21,11,-213.87318,-1165.7725,2656.7153,-201.37865,-1152.0939,2654.7432,9.321224,1.0772705,-2.462265
91.55,21,12,49.798683,-130.32297,2793.4592,51.739655,-110.18582,2786.7432,8.710983,5.9687653,-3.5462341
91.55,21,13,33.572357,-661.7777,2812.2434,36.132233,-641.9525,2797.9985,0.62127113,-0.23138428,-7.5305157
91.55,21,14,5.5592117,-1171.878,2802.731,4.8036594,-1152.5635,2796.4458,-3.2777061,0.10418701,7.9615865
93.052,22,0,-125.71492,620.6005,2972.2786,-147.10074,636.5041,2985.9004,-6.415161,-1.8901672,5.2492294
93.052,22,1,-106.1979,376.1817,2915.0046,-120.726845,389.84436,2922.3123,-7.066513,-2.5906372,7.91111
93.052,22,2,-298.29156,364.74878,2906.5835,-312.47244,371.9149,2918.9734,-6.742218,-9.10231,12.98951
93.052,22,3,-552.9648,196.21011,2909.4514,-559.8367,183.96237,2901.7053,11.875458,-15.944153,-19.81721
93.052,22,4,-735.95404,426.41547,2729.7842,-741.9785,418.79047,2731.2583,-0.22625732,6.0069733,8.215485
93.052,22,5,85.895744,387.61462,2923.4258,71.018745,407.7738,2925.6511,-7.3883057,3.8954163,2.825821
93.052,22,6,381.52786,287.24774,2985.4243,387.5682,411.54367,2895.0579,21.170685,104.13976,-92.61628
93.052,22,7,487.22266,-11.548737,2852.2864,498.72592,737.4708,2864.9138,4.84877,622.92285,103.160446
93.053,22,8,-88.14859,117.814514,2854.0544,-95.615555,134.11397,2853.4634,0.0,0.0,0.0
93.053,22,9,-192.56647,-147.8416,2787.7354,-192.74817,-133.047,2782.4858,7.270012,-1.5467529,-4.669594
93.053,22,10,-224.80045,-678.96356,2793.6797,-223.35916,-663.8033,2804.2573,1.6201973,0.31732178,15.829132
93.053,22,11,-216.72964,-1167.754,2642.7168,-201.37865,-1152.0939,2654.7432,13.930977,0.027526855,1.3040924
93.053,22,12,52.36792,-133.26375,2798.4731,51.739655,-110.18582,2786.7432,6.8618164,6.740143,-11.149384
93.053,22,13,37.998756,-664.7505,2817.612,36.132233,-641.9525,2797.9985,-1.2356358,-0.1906128,-7.885436
93.053,22,14,4.258892,-1172.9043,2774.381,4.8036594,-1152.5635,2796.4458,2.4400253,-1.9888306,41.679646
93.583,23,0,-130.28181,629.9186,2969.6948,-147.10074,636.5041,2985.9004,-5.143961,-3.0889435,11.11301
93.583,23,1,-109.26616,382.17392,2917.7363,-120.726845,389.84436,2922.3123,-6.625616,-3.7082672,13.003914
93.584,23,2,-301.3848,369.79626,2911.6418,-312.47244,371.9149,2918.9734,-6.2672424,-9.270752,15.756783
93.584,23,3,-555.1046,196.33907,2910.06,-559.8367,183.96237,2901.7053,9.375916,-12.200409,-15.475435
93.584,23,4,-738.32385,426.94885,2733.1746,-741.9785,418.79047,2731.2583,0.5609436,4.88414,5.955185
93.584,23,5,82.85248,394.55157,2923.8308,71.018745,407.7738,2925.6511,-6.9822083,1.8357544,10.246086
93.584,23,6,386.88306,281.23138,2980.6238,387.5682,411.54367,2895.0579,23.814423,117.22458,-88.4779
93.584,23,7,480.60962,-9.562988,2836.705,498.72592,737.4708,2864.9138,14.874008,609.2237,114.46811
93.584,23,8,-90.77754,122.70529,2861.8833,-95.615555,134.11397,2853.4634,0.0,0.0,0.0
93.584,23,9,-194.77112,-144.65451,2802.1448,-192.74817,-133.047,2782.4858,6.8512955,0.17227173,-11.2460785
93.584,23,10,-236.22989,-675.13306,2806.654,-223.35916,-663.8033,2804.2573,10.845972,-0.30908203,17.263493
93.585,23,11,-221.75842,-1161.7084,2649.4902,-201.37865,-1152.0939,2654.7432,7.525873,-2.0890198,7.5352173
93.585,23,12,50.19326,-128.87215,2809.9158,51.739655,-110.18582,2786.7432,6.399063,7.253357,-14.7593155
93.585,23,13,29.047699,-660.44415,2819.3396,36.132233,-641.9525,2797.9985,5.53928,-0.15582275,1.8307209
93.585,23,14,-2.2369385,-1165.9099,2748.826,4.8036594,-1152.5635,2796.4458,-0.028316498,-4.8906555,68.96171
95.050995,24,0,-131.83482,623.6423,2960.26,-147.10074,636.5041,2985.9004,-4.5474815,-3.9287415,15.547825
95.052,24,1,-110.12295,374.125,2912.4958,-120.726845,389.84436,2922.3123,-5.619583,-4.2071533,15.732643
95.052,24,2,-302.05988,361.89343,2901.9194,-312.47244,371.9149,2918.9734,-5.4342346,-9.905716,22.970062
95.052,24,3,-555.6943,197.88803,2912.63,-559.8367,183.96237,2901.7053,13.36055,-18.559692,-27.48355
95.052,24,4,-734.8856,425.12115,2727.753,-741.9785,418.79047,2731.2583,-3.3781586,8.146332,14.029724
95.052,24,5,81.81399,386.3565,2923.0723,71.018745,407.7738,2925.6511,-5.8049164,1.491272,8.495178
95.052,24,6,384.9267,284.50653,2981.1577,387.5682,411.54367,2895.0579,20.356812,105.702255,-89.3475
95.052,24,7,484.7947,-10.617859,2843.8157,498.72592,737.4708,2864.9138,9.622139,616.16205,107.65021
95.052,24,8,-90.63045,114.17937,2859.3774,-95.615555,134.11397,2853.4634,0.0,0.0,0.0
95.052,24,9,-193.50702,-153.56445,2799.516,-192.74817,-133.047,2782.4858,5.7404633,0.5732727,-11.118767
95.053,24,10,-233.53307,-684.1795,2795.7583,-223.35916,-663.8033,2804.2573,9.4120655,-0.1930542,25.531422
95.053,24,11,-220.81319,-1173.0446,2645.3115,-201.37865,-1152.0939,2654.7432,9.282486,0.08905029,0.7839813
95.053,24,12,51.231117,-137.96805,2813.002,51.739655,-110.18582,2786.7432,5.498932,7.838867,-20.347122
95.053,24,13,25.451073,-669.4713,2809.448,36.132233,-641.9525,2797.9985,10.171883,-0.28863525,14.80986
95.053,24,14,1.2588501,-1177.7574,2756.7117,4.8036594,-1152.5635,2796.4458,-7.1371765,-2.3382874,51.18355
95.583,25,0,-132.5758,623.0039,2950.308,-147.10074,636.5041,2985.9004,-5.1293545,-4.718796,19.632477
95.584,25,1,-111.65858,374.68652,2907.1416,-120.726845,389.84436,2922.3123,-6.292322,-4.874634,18.851746
95.584,25,2,-303.65637,362.7032,2897.332,-312.47244,371.9149,2918.9734,-6.0614777,-10.831131,25.319832
95.584,25,3,-557.65265,196.31752,2904.6292,-559.8367,183.96237,2901.7053,12.530273,-17.08525,-24.15344
95.584,25,4,-734.5156,425.72006,2725.9175,-741.9785,418.79047,2731.2583,-4.0892334,3.8918,9.377899
95.584,25,5,80.33921,386.66986,2916.9512,71.018745,407.7738,2925.6511,-6.521515,1.0653076,12.379204
95.584,25,6,378.55328,283.57214,2982.079,387.5682,411.54367,2895.0579,22.453033,106.916626,-96.11914
95.584,25,7,490.31747,-4.9427185,2833.4888,498.72592,737.4708,2864.9138,-1.3916092,612.1399,118.6592
95.584,25,8,-92.83589,114.04364,2857.1343,-95.615555,134.11397,2853.4634,0.0,0.0,0.0
95.585,25,9,-196.41818,-154.23901,2800.873,-192.74817,-133.047,2782.4858,6.436844,1.0864258,-14.725685
95.585,25,10,-230.3017,-685.26715,2800.9194,-223.35916,-663.8033,2804.2573,3.2711353,0.24780273,21.726084
95.585,25,11,-221.01399,-1174.1644,2650.415,-201.37865,-1152.0939,2654.7432,12.713541,0.14614868,0.84921265
95.585,25,12,48.391777,-138.95947,2813.3809,51.739655,-110.18582,2786.7432,6.146988,8.671082,-22.975601
95.585,25,13,26.51969,-670.40674,2824.505,36.132233,-641.9525,2797.9985,6.2676373,-0.21820068,0.12920475
95.585,25,14,6.566084,-1175.6951,2759.0615,4.8036594,-1152.5635,2796.4458,-11.272438,-3.6515503,63.895706
97.050995,26,0,-131.37273,626.78723,2967.6785,-147.10074,636.5041,2985.9004,-3.8990803,-2.7583008,10.06712
97.052,26,1,-109.12606,379.50293,2914.7075,-120.726845,389.84436,2922.3123,-3.7707138,-3.148468,11.4459305
97.052,26,2,-301.0338,365.70792,2905.5752,-312.47244,371.9149,2918.9734,-3.618744,-7.2851257,17.238876
97.052,26,3,-556.2021,198.55656,2908.057,-559.8367,183.96237,2901.7053,12.651001,-17.118347,-19.411398
97.052,26,4,-733.197,425.4885,2719.8115,-741.9785,418.79047,2731.2583,-5.8358154,8.784348,17.153656
97.052,26,5,82.7817,393.29797,2923.8398,71.018745,407.7738,2925.6511,-3.9224396,0.98565674,5.652321
97.052,26,6,379.26404,291.27573,2980.4434,387.5682,411.54367,2895.0579,20.630798,105.79883,-87.25125
97.052,26,7,526.87805,22.523712,2828.4766,498.72592,737.4708,2864.9138,-37.56968,591.4146,122.12468
97.052,26,8,-87.78401,120.609085,2857.3005,-95.615555,134.11397,2853.4634,0.0,0.0,0.0
97.053,26,9,-188.78662,-147.07935,2794.0715,-192.74817,-133.047,2782.4858,3.864914,0.51348877,-7.7522507
97.053,26,10,-226.43246,-677.67786,2802.9856,-223.35916,-663.8033,2804.2573,7.039276,-0.08105469,12.854275
97.053,26,11,-218.77734,-1165.8641,2650.4866,-201.37865,-1152.0939,2654.7432,14.341166,-0.4546814,2.8775787
97.053,26,12,55.902702,-129.4902,2805.7156,51.739655,-110.18582,2786.7432,3.6762085,5.7867126,-15.138748
97.053,26,13,32.983036,-660.98254,2809.5127,36.132233,-641.9525,2797.9985,7.3156157,-0.1595459,7.455821
97.053,26,14,6.3833027,-1170.3915,2785.4797,4.8036594,-1152.5635,2796.4458,-4.673435,-0.2989807,22.482971
97.587006,27,0,-132.06982,629.113,2970.6953,-147.10074,636.5041,2985.9004,-3.5770588,-2.3440552,8.301426
97.587006,27,1,-109.52911,382.50458,2916.0261,-120.726845,389.84436,2922.3123,-3.788784,-2.6824646,9.376686
97.587006,27,2,-300.86346,371.1141,2896.9185,-312.47244,371.9149,2918.9734,-4.221756,-9.230759,25.143158
97.587006,27,3,-558.4338,200.5359,2884.9956,-559.8367,183.96237,2901.7053,11.784866,-16.174728,-5.2350025
97.588,27,4,-740.0843,443.90387,2720.5679,-741.9785,418.79047,2731.2583,-1.9514008,-6.6574707,-7.385605
97.588,27,5,81.80524,393.89502,2935.1338,71.018745,407.7738,2925.6511,-3.354416,3.851471,-6.393654
97.588,27,6,416.48837,401.42346,2960.5574,387.5682,411.54367,2895.0579,-0.53182983,-3.548951,-57.717995
97.588,27,7,710.53064,380.33612,2787.9514,498.72592,737.4708,2864.9138,-184.1922,343.18036,142.81653
97.588,27,8,-88.202965,124.05461,2856.544,-95.615555,134.11397,2853.4634,0.0,0.0,0.0
97.588,27,9,-188.85748,-141.65706,2784.8801,-192.74817,-133.047,2782.4858,3.5093536,-1.4837952,0.67710876
97.588,27,10,-231.12125,-671.567,2807.5737,-223.35916,-663.8033,2804.2573,11.653173,-0.83929443,-0.92240524
97.588,27,11,-216.18448,-1156.012,2644.2083,-201.37865,-1152.0939,2654.7432,7.057747,-4.1566467,13.756088
97.588,27,12,55.103836,-127.13362,2809.2434,51.739655,-110.18582,2786.7432,4.067444,6.856903,-19.428291
97.588,27,13,27.799118,-658.539,2810.925,36.132233,-641.9525,2797.9985,11.697463,-0.35565186,9.57361
97.589005,27,14,8.717951,-1167.7909,2769.0554,4.8036594,-1152.5635,2796.4458,-12.232271,-1.1123962,40.317646
99.050995,28,0,-121.30855,626.1346,2967.5325,-147.10074,636.5041,2985.9004,-5.57576,-2.4978943,8.207012
99.050995,28,1,-100.73613,379.08795,2912.6956,-120.726845,389.84436,2922.3123,-7.299885,-3.2808228,10.842567
99.050995,28,2,-292.33813,369.82172,2895.2366,-312.47244,371.9149,2918.9734,-7.4549103,-11.947845,24.961761
99.052,28,3,-553.8187,208.14946,2898.3877,-559.8367,183.96237,2901.7053,17.063904,-24.04065,-20.213427
99.052,28,4,-733.0044,437.88892,2716.6973,-741.9785,418.79047,2731.2583,-3.3646698,5.61528,10.861145
99.052,28,5,90.865875,388.3542,2930.1545,71.018745,407.7738,2925.6511,-7.144348,5.380768,-3.2780762
99.052,28,6,409.8467,497.52155,2988.319,387.5682,411.54367,2895.0579,21.533356,-105.11209,-91.07391
99.052,28,7,671.2989,720.4509,2904.86,498.72592,737.4708,2864.9138,-147.75282,110.450165,52.625694
99.052,28,8,-82.92293,120.05844,2854.6843,-95.615555,134.11397,2853.4634,0.0,0.0,0.0
99.052,28,9,-187.2598,-144.87848,2785.5425,-192.74817,-133.047,2782.4858,7.198143,-2.2408447,-1.8401642
99.052,28,10,-228.37329,-675.14886,2801.7268,-223.35916,-663.8033,2804.2573,10.501116,-0.50994873,5.5881443
99.052,28,11,-218.08916,-1164.106,2651.6147,-201.37865,-1152.0939,2654.7432,11.715433,0.24325562,0.4683075
99.053,28,12,57.040337,-133.06366,2807.8037,51.739655,-110.18582,2786.7432,7.4011993,8.806992,-19.84378
99.053,28,13,30.860815,-664.392,2799.522,36.132233,-641.9525,2797.9985,10.574368,-0.36108398,19.535473
99.053,28,14,7.307087,-1175.145,2803.3257,4.8036594,-1152.5635,2796.4458,-7.758707,0.4050598,-5.3556457
99.555,29,0,-123.87367,631.4068,2966.043,-147.10074,636.5041,2985.9004,0.32512283,-2.7219849,11.865406
99.555,29,1,-97.30501,383.2442,2914.6345,-120.726845,389.84436,2922.3123,-0.7816601,-3.291275,13.309196
99.555,29,2,-287.9852,370.48267,2890.6218,-312.47244,371.9149,2918.9734,-1.8616638,-8.472733,33.979507
99.556,29,3,-546.505,202.92905,2894.764,-559.8367,183.96237,2901.7053,13.581421,-18.555695,-21.240812
99.556,29,4,-732.21765,437.23254,2723.273,-741.9785,418.79047,2731.2583,2.468933,1.9451904,0.012817383
99.556,29,5,93.37517,396.00574,2938.6472,71.018745,407.7738,2925.6511,0.30075073,1.8661194,-7.367592
99.556,29,6,396.10944,549.7943,3029.929,387.5682,411.54367,2895.0579,47.22296,-149.62085,-125.10373
99.556,29,7,574.96375,864.8049,3024.4587,498.72592,737.4708,2864.9138,-62.356323,26.57489,-26.122017
99.556,29,8,-72.97213,124.18946,2859.086,-95.615555,134.11397,2853.4634,0.0,0.0,0.0
99.556,29,9,-170.20996,-143.00159,2788.2278,-192.74817,-133.047,2782.4858,0.0941391,-3.9672852E-4,-0.12747955
99.556,29,10,-227.08792,-671.88385,2802.593,-223.35916,-663.8033,2804.2573,26.264555,-1.9158325,7.4079647
99.556,29,11,-220.34453,-1161.3694,2653.9297,-201.37865,-1152.0939,2654.7432,15.257177,0.74942017,-0.98724365
99.556,29,12,72.93147,-126.729004,2818.847,51.739655,-110.18582,2786.7432,1.4684296,6.59079,-26.488815
99.557,29,13,26.046276,-656.23846,2796.2588,36.132233,-641.9525,2797.9985,31.279354,-2.2034302,33.842365
99.557,29,14,10.913615,-1167.1494,2807.9624,4.8036594,-1152.5635,2796.4458,-16.177265,0.60391235,-13.255424
101.055,30,0,-122.11593,628.2379,2957.7532,-147.10074,636.5041,2985.9004,-2.8333912,-4.0166016,16.859356
101.055,30,1,-98.88833,380.48798,2911.7788,-120.726845,389.84436,2922.3123,-4.03792,-4.1926575,16.268326
101.055,30,2,-289.95978,369.38013,2890.11,-312.47244,371.9149,2918.9734,-4.717682,-11.014664,34.598106
101.056,30,3,-544.3802,196.41714,2906.2883,-559.8367,183.96237,2901.7053,9.502914,-13.130447,-33.27549
101.056,30,4,-734.92236,424.55988,2725.1462,-741.9785,418.79047,2731.2583,5.478546,10.452301,7.9608765
101.056,30,5,92.1831,391.59583,2933.4475,71.018745,407.7738,2925.6511,-3.3581696,2.6296387,-2.0613708
101.056,30,6,399.63745,532.8366,3020.9526,387.5682,411.54367,2895.0579,40.377594,-137.09837,-121.12172
101.056,30,7,555.3362,850.3245,3015.6726,498.72592,737.4708,2864.9138,-41.977364,15.956146,-25.55923
101.056,30,8,-77.81424,120.5576,2859.1963,-95.615555,134.11397,2853.4634,0.0,0.0,0.0
101.056,30,9,-178.55606,-146.45447,2792.799,-192.74817,-133.047,2782.4858,3.6061401,-0.15731812,-4.5825653
101.056,30,10,-229.04404,-675.9439,2807.845,-223.35916,-663.8033,2804.2573,19.875837,-1.2867432,6.7264004
101.056,30,11,-212.25983,-1163.6982,2654.3958,-201.37865,-1152.0939,2654.7432,5.215954,-0.9727478,3.8014069
101.057,30,12,65.07576,-132.29105,2820.4285,51.739655,-110.18582,2786.7432,4.4698486,8.541168,-27.95449
101.057,30,13,33.60585,-663.3336,2809.1433,36.132233,-641.9525,2797.9985,15.863098,-0.7033081,22.540089
101.057,30,14,4.708563,-1173.7104,2794.799,4.8036594,-1152.5635,2796.4458,-2.4203835,-0.056427002,12.792045
101.587006,31,0,-120.3262,626.97125,2973.3118,-147.10074,636.5041,2985.9004,-2.4675312,-1.6074219,5.5235023
101.587006,31,1,-96.73068,381.61124,2915.9966,-120.726845,389.84436,2922.3123,-3.3818588,-2.3829346,8.234268
101.587006,31,2,-288.05743,369.96353,2897.0063,-312.47244,371.9149,2918.9734,-3.824997,-8.67897,23.881989
101.587006,31,3,-543.6903,204.22397,2908.9421,-559.8367,183.96237,2901.7053,13.24118,-18.434708,-28.856733
101.587006,31,4,-733.2256,431.41528,2728.0837,-741.9785,418.79047,2731.2583,5.1744995,10.497574,8.334915
101.588,31,5,94.596085,393.2589,2934.9868,71.018745,407.7738,2925.6511,-2.936432,3.8892822,-7.419876
101.588,31,6,411.68994,537.9507,3011.8647,387.5682,411.54367,2895.0579,38.149445,-140.46109,-111.2108
101.588,31,7,568.8286,872.5211,3016.976,498.72592,737.4708,2864.9138,-38.265884,13.97818,-37.347565
101.588,31,8,-74.99675,123.45205,2855.3696,-95.615555,134.11397,2853.4634,0.0,0.0,0.0
101.588,31,9,-175.23842,-142.13284,2782.6357,-192.74817,-133.047,2782.4858,3.0941162,-1.6171265,1.74543
101.588,31,10,-233.2486,-670.8334,2798.6033,-223.35916,-663.8033,2804.2573,27.397503,-2.0849,5.805151
101.588,31,11,-217.06808,-1162.8391,2659.372,-201.37865,-1152.0939,2654.7432,5.818985,3.2934875,-10.412079
101.588,31,12,68.71279,-127.28143,2806.8496,51.739655,-110.18582,2786.7432,3.6683197,6.396164,-18.21045
101.588,31,13,27.910748,-657.7521,2801.292,36.132233,-641.9525,2797.9985,25.196037,-1.2479248,16.81197
101.588,31,14,1.653225,-1168.149,2787.7832,4.8036594,-1152.5635,2796.4458,-5.0512657,0.10845947,11.957035
103.055,32,0,-122.3553,627.2144,2960.8481,-147.10074,636.5041,2985.9004,-1.8669701,-3.3937073,14.081474
103.055,32,1,-98.0729,379.2608,2911.8828,-120.726845,389.84436,2922.3123,-2.0877533,-3.5258179,13.849739
103.055,32,2,-288.901,367.20743,2888.8164,-312.47244,371.9149,2918.9734,-2.9954224,-9.405823,33.57615
103.056,32,3,-546.678,197.6338,2902.0537,-559.8367,183.96237,2901.7053,12.251556,-16.981735,-30.377007
103.056,32,4,-735.472,430.86853,2728.9482,-741.9785,418.79047,2731.2583,4.6189575,4.214691,0.7557831
103.056,32,5,92.755196,391.31415,2934.9492,71.018745,407.7738,2925.6511,-1.1791229,2.344635,-5.8792496
103.056,32,6,397.78702,521.92804,3021.5022,387.5682,411.54367,2895.0579,36.276306,-126.549164,-119.53906
103.056,32,7,552.7003,846.06915,3013.1335,498.72592,737.4708,2864.9138,-39.35769,14.681183,-22.968025
103.056,32,8,-75.05012,120.01228,2856.8857,-95.615555,134.11397,2853.4634,0.0,0.0,0.0
103.056,32,9,-173.69191,-146.92099,2787.1824,-192.74817,-133.047,2782.4858,1.5122223,-0.21929932,-1.2719421
103.056,32,10,-224.41689,-676.2388,2805.6562,-223.35916,-663.8033,2804.2573,20.115156,-1.4182129,3.296774
103.056,32,11,-216.3618,-1164.8748,2654.4253,-201.37865,-1152.0939,2654.7432,13.943741,-0.06137085,1.5922394
103.057,32,12,69.63723,-131.55145,2816.595,51.739655,-110.18582,2786.7432,2.6631775,7.2717133,-26.427322
103.057,32,13,26.316883,-661.8258,2810.5479,36.132233,-641.9525,2797.9985,27.714083,-1.4528809,17.301655
103.057,32,14,14.2137575,-1173.2092,2801.282,4.8036594,-1152.5635,2796.4458,-19.227718,0.7354431,7.713022
103.587006,33,0,-117.80744,629.8469,2960.1367,-147.10074,636.5041,2985.9004,-7.39793,-3.9521942,14.476318
103.587006,33,1,-98.987015,380.68964,2911.4,-120.726845,389.84436,2922.3123,-9.413609,-4.190155,14.409241
103.587006,33,2,-290.3167,373.5468,2890.3318,-312.47244,371.9149,2918.9734,-9.837997,-14.978226,32.138176
103.587006,33,3,-541.9587,202.68565,2908.317,-559.8367,183.96237,2901.7053,9.406174,-13.194656,-34.895164
103.587006,33,4,-735.37714,424.8015,2725.2402,-741.9785,418.79047,2731.2583,9.046967,15.5868225,10.543152
103.588,33,5,92.3427,387.83246,2932.468,71.018745,407.7738,2925.6511,-8.989136,6.596649,-3.3200302
103.588,33,6,386.75024,510.3385,3028.815,387.5682,411.54367,2895.0579,37.14026,-118.557556,-128.38971
103.588,33,7,530.4349,828.6631,2959.986,498.72592,737.4708,2864.9138,-29.217972,17.30478,37.787487
103.588,33,8,-83.288155,120.757065,2856.957,-95.615555,134.11397,2853.4634,0.0,0.0,0.0
103.588,33,9,-189.56786,-143.72925,2789.0825,-192.74817,-133.047,2782.4858,9.142662,-2.686798,-3.1062622
103.588,33,10,-232.12953,-673.942,2802.9663,-223.35916,-663.8033,2804.2573,11.949789,-0.559021,7.8883305
103.588,33,11,-217.85172,-1165.7451,2662.525,-201.37865,-1152.0939,2654.7432,7.72509,3.0150452,-9.225067
103.588,33,12,54.389286,-134.62173,2815.9458,51.739655,-110.18582,2786.7432,9.6844635,11.067917,-25.712013
103.588,33,13,26.237843,-665.8624,2808.5984,36.132233,-641.9525,2797.9985,12.546307,-0.44818115,18.601135
103.588,33,14,6.057789,-1176.6921,2796.1917,4.8036594,-1152.5635,2796.4458,-11.136591,0.4131775,10.854595
105.055,34,0,-119.93971,630.82996,2982.8638,-147.10074,636.5041,2985.9004,-5.908018,-0.966568,1.6024513
105.055,34,1,-99.61007,384.47775,2921.2065,-120.726845,389.84436,2922.3123,-7.055477,-2.0070343,5.4912186
105.055,34,2,-291.00458,375.97775,2901.2383,-312.47244,371.9149,2918.9734,-7.4216614,-11.441818,22.1193
105.055,34,3,-546.2197,196.08539,2904.1816,-559.8367,183.96237,2901.7053,6.969345,-8.729996,-20.272966
105.055,34,4,-736.3767,424.8994,2727.6802,-741.9785,418.79047,2731.2583,6.242096,8.299973,4.3952484
105.055,34,5,91.78442,392.97775,2941.1748,71.018745,407.7738,2925.6511,-6.6885223,7.4200134,-11.138947
105.056,34,6,396.2736,521.6382,3016.3892,387.5682,411.54367,2895.0579,32.91986,-124.64214,-107.82361
105.056,34,7,535.1875,848.78284,3003.981,498.72592,737.4708,2864.9138,-24.555061,8.168579,-18.603931
105.056,34,8,-81.55185,126.71582,2857.8423,-95.615555,134.11397,2853.4634,0.0,0.0,0.0
105.056,34,9,-185.51398,-136.46515,2781.7476,-192.74817,-133.047,2782.4858,6.8209,-4.003662,5.1108932
105.056,34,10,-227.54015,-666.7313,2795.6912,-223.35916,-663.8033,2804.2573,11.413578,-0.51782227,7.8290176
105.056,34,11,-219.40933,-1159.0253,2656.9924,-201.37865,-1152.0939,2654.7432,13.866161,3.6376953,-10.927399
105.056,34,12,58.52672,-125.627075,2807.2085,51.739655,-110.18582,2786.7432,7.289688,8.021469,-16.092339
105.056,34,13,26.853144,-656.5739,2791.9739,36.132233,-641.9525,2797.9985,16.066324,-0.8140259,26.489866
105.056,34,14,11.579045,-1167.7943,2794.3794,4.8036594,-1152.5635,2796.4458,-16.047169,0.7285156,-3.9578898
105.591,35,0,-120.98302,633.1092,2968.5881,-147.10074,636.5041,2985.9004,-4.4853115,-2.4032288,8.1954
105.591,35,1,-99.16052,384.6643,2913.3547,-120.726845,389.84436,2922.3123,-4.980089,-3.011551,10.401115
105.591995,35,2,-290.37598,374.50293,2892.476,-312.47244,371.9149,2918.9734,-5.5266876,-10.786682,27.939156
105.591995,35,3,-557.25354,211.3257,2891.2166,-559.8367,183.96237,2901.7053,18.190002,-25.780777,-16.100925
105.591995,35,4,-741.33124,457.7973,2730.672,-741.9785,418.79047,2731.2583,-0.4042511,-8.626511,-12.092438
105.591995,35,5,92.05492,394.82565,2934.2334,71.018745,407.7738,2925.6511,-4.432434,4.752655,-7.1398544
105.591995,35,6,399.05725,524.0094,3009.3496,387.5682,411.54367,2895.0579,32.830353,-125.1366,-107.9597
105.591995,35,7,528.0789,847.1996,2994.3806,498.72592,737.4708,2864.9138,-17.016312,5.222351,-15.404915
105.591995,35,8,-79.026566,125.89427,2854.8994,-95.615555,134.11397,2853.4634,0.0,0.0,0.0
105.591995,35,9,-180.79756,-139.35388,2783.1333,-192.74817,-133.047,2782.4858,4.6288834,-1.9389038,0.7816391
105.591995,35,10,-229.88722,-668.94806,2799.87,-223.35916,-663.8033,2804.2573,18.476147,-1.2058105,5.036461
105.593,35,11,-213.93088,-1158.1525,2651.2275,-201.37865,-1152.0939,2654.7432,6.041193,0.53564453,-0.987381
105.593,35,12,63.01235,-126.3976,2809.755,51.739655,-110.18582,2786.7432,5.330673,7.9682617,-21.582191
105.593,35,13,25.851044,-656.8873,2792.706,36.132233,-641.9525,2797.9985,21.5554,-1.2252197,28.303104
105.593,35,14,15.209291,-1167.9409,2804.4536,4.8036594,-1152.5635,2796.4458,-20.670034,0.71624756,-13.299461
107.059,36,0,-120.324554,631.8722,2971.1116,-147.10074,636.5041,2985.9004,-6.156534,-2.0374298,5.964905
107.06,36,1,-100.310196,385.07358,2913.9778,-120.726845,389.84436,2922.3123,-7.171137,-2.5066833,7.525543
107.06,36,2,-291.87952,376.00418,2896.1226,-312.47244,371.9149,2918.9734,-7.367691,-11.382248,22.037895
107.06,36,3,-551.3725,206.25151,2896.9453,-559.8367,183.96237,2901.7053,12.973572,-17.557938,-18.031845
107.06,36,4,-742.6627,446.51416,2729.8313,-741.9785,418.79047,2731.2583,5.4057007,-0.60928345,-6.835373
107.06,36,5,91.259125,394.14297,2931.833,71.018745,407.7738,2925.6511,-6.971939,6.341919,-6.9940643
107.06,36,6,390.00583,515.5017,3003.8137,387.5682,411.54367,2895.0579,30.089783,-117.442535,-103.76147
107.06,36,7,512.43945,836.4567,2956.5298,498.72592,737.4708,2864.9138,-10.930069,5.9861755,17.046106
107.06,36,8,-82.36589,126.79422,2852.643,-95.615555,134.11397,2853.4634,0.0,0.0,0.0
107.06,36,9,-186.55624,-137.26732,2779.9248,-192.74817,-133.047,2782.4858,7.0438538,-3.1376038,1.7305756
107.061005,36,10,-228.42154,-667.4021,2798.0657,-223.35916,-663.8033,2804.2573,11.253691,-0.6321411,3.631052
107.061005,36,11,-218.62912,-1158.6887,2655.7363,-201.37865,-1152.0939,2654.7432,12.207048,2.5750122,-7.313736
107.061005,36,12,57.713066,-125.70296,2802.692,51.739655,-110.18582,2786.7432,7.2973022,8.162506,-16.778572
107.061005,36,13,21.293568,-656.4671,2793.5142,36.132233,-641.9525,2797.9985,20.812763,-0.979126,20.43261
107.061005,36,14,14.568603,-1167.9675,2789.7952,4.8036594,-1152.5635,2796.4458,-24.602669,0.90478516,2.1663065
107.591,37,0,-119.11132,626.71747,2971.3372,-147.10074,636.5041,2985.9004,-7.7688255,-1.9069672,4.870247
107.591995,37,1,-100.71682,380.1201,2913.127,-120.726845,389.84436,2922.3123,-9.31362,-2.4366455,6.647545
107.591995,37,2,-292.34085,372.7676,2894.9702,-312.47244,371.9149,2918.9734,-9.461868,-13.027557,21.461891
107.591995,37,3,-554.2351,205.72035,2898.7178,-559.8367,183.96237,2901.7053,14.921219,-20.608017,-20.988317
107.591995,37,4,-743.06573,443.94897,2728.7466,-741.9785,418.79047,2731.2583,3.6660767,0.49653625,-3.3044586
107.591995,37,5,90.9072,387.47256,2931.2837,71.018745,407.7738,2925.6511,-9.163116,8.131653,-8.172874
107.591995,37,6,390.30176,515.0558,3008.2896,387.5682,411.54367,2895.0579,33.462616,-123.61914,-109.1752
107.591995,37,7,514.10626,837.04736,2970.4644,498.72592,737.4708,2864.9138,-12.20874,5.220001,7.562361
107.591995,37,8,-84.9144,121.90467,2850.9126,-95.615555,134.11397,2853.4634,0.0,0.0,0.0
107.591995,37,9,-191.27736,-140.99815,2777.1228,-192.74817,-133.047,2782.4858,9.214294,-4.302246,2.8005295
107.593,37,10,-231.9239,-670.94324,2802.0127,-223.35916,-663.8033,2804.2573,10.035545,-0.81134033,-3.1184025
107.593,37,11,-221.20445,-1160.7795,2655.0195,-201.37865,-1152.0939,2654.7432,11.277723,1.1756287,-2.6343231
107.593,37,12,53.053406,-131.62335,2800.2737,51.739655,-110.18582,2786.7432,9.411713,9.187927,-16.092308
107.593,37,13,32.02131,-663.26154,2805.629,36.132233,-641.9525,2797.9985,5.425665,-0.0947876,5.899433
107.593,37,14,-2.1752167,-1172.8647,2781.4229,4.8036594,-1152.5635,2796.4458,2.883318,-0.7572937,22.654081
109.059,38,0,-121.30545,627.7551,2972.2114,-147.10074,636.5041,2985.9004,-5.4833145,-1.5231171,4.0186615
109.059,38,1,-100.62332,381.5218,2913.1445,-120.726845,389.84436,2922.3123,-7.089329,-2.157257,6.095726
109.06,38,2,-291.75812,373.65604,2890.574,-312.47244,371.9149,2918.9734,-7.727051,-12.2344055,25.324013
109.06,38,3,-555.7769,207.1783,2896.8242,-559.8367,183.96237,2901.7053,15.830109,-22.101212,-23.575865
109.06,38,4,-744.80054,448.61374,2728.1626,-741.9785,418.79047,2731.2583,2.969986,-1.5640259,-5.4460297
109.06,38,5,90.51146,389.38757,2935.715,71.018745,407.7738,2925.6511,-6.449478,7.8981934,-13.13839
109.06,38,6,392.51404,514.65717,3009.172,387.5682,411.54367,2895.0579,31.522797,-121.297554,-105.69095
109.06,38,7,515.4284,839.4858,2976.3894,498.72592,737.4708,2864.9138,-10.736641,4.089325,2.3620625
109.06,38,8,-82.596634,123.58601,2850.3784,-95.615555,134.11397,2853.4634,0.0,0.0,0.0
109.06,38,9,-186.4237,-139.36443,2773.223,-192.74817,-133.047,2782.4858,6.6783752,-4.2547607,6.1662292
109.06,38,10,-232.1854,-668.94684,2797.5703,-223.35916,-663.8033,2804.2573,15.1490135,-1.203064,-2.5747318
109.06,38,11,-212.98106,-1161.2898,2660.4832,-201.37865,-1152.0939,2654.7432,2.7887135,3.7740173,-12.512238
109.06,38,12,57.283817,-129.33513,2802.0017,51.739655,-110.18582,2786.7432,7.4991455,8.580933,-18.354546
109.061005,38,13,23.79884,-660.23865,2791.643,36.132233,-641.9525,2797.9985,17.879183,-0.8078003,21.61284
109.061005,38,14,15.0060625,-1171.2249,2808.3303,4.8036594,-1152.5635,2796.4458,-22.521145,0.6140747,-18.239264
109.591,39,0,-119.40594,623.6696,2973.3784,-147.10074,636.5041,2985.9004,-8.010477,-1.5480652,3.2957268
109.591,39,1,-101.23164,377.2306,2913.542,-120.726845,389.84436,2922.3123,-9.293188,-2.1233826,5.366417
109.591,39,2,-292.87335,369.86722,2895.6946,-312.47244,371.9149,2918.9734,-9.415207,-12.704254,19.871132
109.591995,39,3,-554.6448,202.04596,2895.4868,-559.8367,183.96237,2901.7053,14.567078,-20.009766,-17.04914
109.591995,39,4,-744.5427,457.66476,2731.273,-741.9785,418.79047,2731.2583,-0.5851135,-10.036713,-14.038803
109.591995,39,5,90.410095,384.594,2931.3894,71.018745,407.7738,2925.6511,-9.168625,8.43158,-9.145271
109.591995,39,6,393.31458,515.6824,2994.725,387.5682,411.54367,2895.0579,31.588837,-127.10481,-95.66316
109.591995,39,7,527.343,838.77716,2992.9033,498.72592,737.4708,2864.9138,-21.546509,6.7151184,-28.68137
109.591995,39,8,-85.40973,119.33799,2850.049,-95.615555,134.11397,2853.4634,0.0,0.0,0.0
109.591995,39,9,-191.76955,-143.24918,2775.1775,-192.74817,-133.047,2782.4858,9.214386,-4.6090393,3.884674
109.591995,39,10,-233.20032,-673.10693,2800.8804,-223.35916,-663.8033,2804.2573,10.819071,-0.9107666,-3.930893
109.591995,39,11,-211.7055,-1161.4703,2649.827,-201.37865,-1152.0939,2654.7432,0.50725746,-0.40600586,1.3926849
109.591995,39,12,52.593925,-133.86008,2797.9348,51.739655,-110.18582,2786.7432,9.370956,8.866089,-14.614746
109.593,39,13,20.94121,-664.9436,2787.22,36.132233,-641.9525,2797.9985,16.044735,-0.70233154,21.97062
109.593,39,14,18.969955,-1176.3407,2796.57,4.8036594,-1152.5635,2796.4458,-29.351984,0.8730774,-10.902568
111.059,40,0,-124.14465,638.6489,2952.8582,-147.10074,636.5041,2985.9004,-7.944668,-4.233307,15.698914
111.059,40,1,-105.693985,387.55536,2904.9172,-120.726845,389.84436,2922.3123,-8.363068,-4.0506287,14.057297
111.059,40,2,-297.26877,379.02768,2886.7886,-312.47244,371.9149,2918.9734,-8.54541,-13.455719,28.846298
111.06,40,3,-544.8654,217.17537,2923.602,-559.8367,183.96237,2901.7053,10.616867,-18.209885,-53.35662
111.06,40,4,-712.1955,459.1723,2748.8994,-741.9785,418.79047,2731.2583,-14.5872345,-7.4583282,4.4657288
111.06,40,5,85.8808,396.08307,2923.046,71.018745,407.7738,2925.6511,-8.180313,5.349945,-0.7328949
111.06,40,6,368.53162,454.4888,2996.167,387.5682,411.54367,2895.0579,13.688019,-54.876556,-101.76108
111.06,40,7,482.0056,773.9603,2986.8745,498.72592,737.4708,2864.9138,-4.4144516,0.30355835,-20.282576
111.06,40,8,-88.94401,127.75648,2850.1208,-95.615555,134.11397,2853.4634,0.0,0.0,0.0
111.06,40,9,-194.32648,-137.47897,2783.767,-192.74817,-133.047,2782.4858,8.243858,-1.9420166,-4.6281586
111.06,40,10,-231.95375,-667.96814,2801.785,-223.35916,-663.8033,2804.2573,7.0138035,-0.31011963,3.7554245
111.06,40,11,-215.5434,-1160.008,2662.861,-201.37865,-1152.0939,2654.7432,5.5872765,3.36911,-10.706757
111.06,40,12,49.938404,-126.60585,2806.8818,51.739655,-110.18582,2786.7432,8.481888,10.047455,-23.485321
111.061005,40,13,21.503729,-657.8379,2797.234,36.132233,-641.9525,2797.9985,12.828272,-0.49993896,20.902586
111.061005,40,14,17.11881,-1169.101,2803.054,4.8036594,-1152.5635,2796.4458,-26.927826,0.9100952,-7.3720183
111.595,41,0,-125.117744,614.5373,2950.629,-147.10074,636.5041,2985.9004,-16.86254,-3.5180511,9.812534
111.595,41,1,-116.18751,369.79437,2898.2544,-120.726845,389.84436,2922.3123,-15.203655,-2.748703,6.726448
111.595,41,2,-308.64566,363.5379,2893.5852,-312.47244,371.9149,2918.9734,-14.509598,-14.433411,8.053772
111.595,41,3,-524.8963,600.6972,2880.3655,-559.8367,183.96237,2901.7053,-39.122116,-431.19687,-4.607401
111.595,41,4,-709.5836,874.1639,2791.9258,-741.9785,418.79047,2731.2583,3.0560303,-39.29683,-81.52954
111.595,41,5,76.27065,376.05084,2902.9236,71.018745,407.7738,2925.6511,-15.895721,8.91629,5.3938217
111.595,41,6,323.10474,627.98047,2937.7349,387.5682,411.54367,2895.0579,105.908844,-247.72873,-68.9025
111.596,41,7,514.2759,913.9475,2933.9333,498.72592,737.4708,2864.9138,-80.55203,38.38086,-26.196468
111.596,41,8,-106.27635,111.27942,2836.1223,-95.615555,134.11397,2853.4634,0.0,0.0,0.0
111.596,41,9,-219.06775,-151.22437,2771.0134,-192.74817,-133.047,2782.4858,15.646477,-4.6910095,-5.8776474
111.596,41,10,-237.60895,-682.86725,2784.5588,-223.35916,-663.8033,2804.2573,-12.072935,0.8320923,8.22831
111.596,41,11,-223.22397,-1176.3416,2650.3313,-201.37865,-1152.0939,2654.7432,7.615528,4.7395935,-15.422607
111.596,41,12,26.337374,-143.2467,2776.967,51.739655,-110.18582,2786.7432,14.760147,10.195404,-7.573387
111.596,41,13,16.828053,-675.271,2781.1445,36.132233,-641.9525,2797.9985,-6.098421,0.24664307,7.0781116
111.596,41,14,4.267091,-1186.4998,2796.8032,4.8036594,-1152.5635,2796.4458,-18.770626,0.56866455,-17.211575
113.059,42,0,-125.29338,621.56555,2862.2556,-147.10074,636.5041,2985.9004,-27.871813,-8.566727,43.255665
113.059,42,1,-127.02053,368.48297,2842.4758,-120.726845,389.84436,2922.3123,-27.467031,-8.306381,36.484756
113.059,42,2,-319.41162,371.27185,2833.7532,-312.47244,371.9149,2918.9734,-26.800613,-29.008484,41.87275
113.059,42,3,-631.2533,311.6332,2809.548,-559.8367,183.96237,2901.7053,58.700867,-132.70303,6.53376
113.059,42,4,-923.8906,331.44308,2654.5027,-741.9785,418.79047,2731.2583,116.25377,207.5943,-10.013046
113.06,42,5,65.37054,365.6941,2851.1985,71.018745,407.7738,2925.6511,-28.136215,12.424042,31.104393
113.06,42,6,359.4754,305.30035,2834.5818,387.5682,411.54367,2895.0579,5.1806946,63.958004,-12.308075
113.06,42,7,658.3413,394.87372,2714.5938,498.72592,737.4708,2864.9138,-191.3742,225.60461,90.83815
113.06,42,8,-129.38058,104.49011,2810.1235,-95.615555,134.11397,2853.4634,0.0,0.0,0.0
113.06,42,9,-254.39624,-157.72473,2772.2102,-192.74817,-133.047,2782.4858,27.896942,-4.9078674,-33.054054
113.06,42,10,-252.41791,-689.6679,2780.6243,-223.35916,-663.8033,2804.2573,-32.585266,1.2572632,13.354534
113.06,42,11,-211.51071,-1182.3914,2649.3206,-201.37865,-1152.0939,2654.7432,-18.908806,4.0357666,-18.332047
113.06,42,12,-9.085037,-161.28076,2783.3323,51.739655,-110.18582,2786.7432,27.038559,21.506073,-39.919395
113.06,42,13,0.68998337,-692.7358,2805.027,36.132233,-641.9525,2797.9985,-25.37871,-0.18457031,-10.442144
113.06,42,14,5.48009,-1200.3634,2742.1965,4.8036594,-1152.5635,2796.4458,-36.115627,-2.9335938,61.277985
113.563,43,0,-215.11322,602.24725,2667.9297,-147.10074,636.5041,2985.9004,-19.353527,-9.215027,67.76164
113.563995,43,1,-208.30756,348.3805,2672.6208,-120.726845,389.84436,2922.3123,-13.19478,-10.026062,69.61704
113.563995,43,2,-397.48087,339.79672,2637.6006,-312.47244,371.9149,2918.9734,-15.761917,-19.39151,101.2931
113.563995,43,3,-484.88446,31.64151,2576.6494,-559.8367,183.96237,2901.7053,-171.81403,111.19624,42.85564
113.563995,43,4,-541.4154,-194.56033,2327.0767,-741.9785,418.79047,2731.2583,-125.04942,460.30603,79.65115
113.563995,43,5,-19.13424,356.96426,2707.641,71.018745,407.7738,2925.6511,-10.6237335,-0.7007446,37.93019
113.563995,43,6,53.56424,26.505463,2686.4878,387.5682,411.54367,2895.0579,264.727,334.4773,-11.457523
113.563995,43,7,131.62697,-220.95874,2465.0576,498.72592,737.4708,2864.9138,31.6297,569.095,191.68349
113.563995,43,8,-196.3895,82.608246,2673.3848,-95.615555,134.11397,2853.4634,0.0,0.0,0.0
113.563995,43,9,-305.04898,-188.63522,2651.827,-192.74817,-133.047,2782.4858,11.528496,4.0870056,-49.418488
113.563995,43,10,-241.1962,-714.2101,2704.0088,-223.35916,-663.8033,2804.2573,-94.45921,-5.102417,-30.413643
113.565,43,11,-142.9064,-1212.8486,2666.122,-201.37865,-1152.0939,2654.7432,-76.37367,11.778503,-111.18941
113.565,43,12,-63.893898,-177.69278,2696.4705,51.739655,-110.18582,2786.7432,14.857132,16.005325,-89.804794
113.565,43,13,-55.03389,-517.76434,2349.4695,36.132233,-641.9525,2797.9985,-23.113056,-145.54977,357.27963
113.565,43,14,-147.00085,-1010.6454,2409.0151,4.8036594,-1152.5635,2796.4458,61.046387,-11.08017,-61.078167
115.063,44,0,-145.00548,638.4922,2324.2312,-147.10074,636.5041,2985.9004,-53.00742,-7.8488464,69.04443
115.063,44,1,-171.86603,386.10684,2330.2349,-120.726845,389.84436,2922.3123,-47.457886,-9.255402,61.60881
115.063,44,2,-363.10428,402.63272,2315.5593,-312.47244,371.9149,2918.9734,-47.936005,-43.76117,72.931725
115.063995,44,3,-456.28085,85.70822,2315.5752,-559.8367,183.96237,2901.7053,-169.44315,117.38054,-18.348896
115.063995,44,4,-387.5939,-208.14291,2149.5916,-741.9785,418.79047,2731.2583,-251.79218,529.92126,-5.364914
115.063995,44,5,19.372217,369.58096,2344.9104,71.018745,407.7738,2925.6511,-46.969406,25.14505,50.257553
115.063995,44,6,27.03691,32.06299,2317.4268,387.5682,411.54367,2895.0579,329.46252,341.5329,-5.098381
115.063995,44,7,-42.296883,-274.33063,2169.8438,498.72592,737.4708,2864.9138,180.94257,633.6433,117.31664
115.063995,44,8,-194.2106,121.100464,2322.9893,-95.615555,134.11397,2853.4634,0.0,0.0,0.0
115.063995,44,9,-338.50824,-133.36732,2306.385,-192.74817,-133.047,2782.4858,47.162857,-12.699112,-54.37487
115.063995,44,10,-272.4552,-578.94507,2107.9653,-223.35916,-663.8033,2804.2573,-94.3702,-45.40634,218.55972
115.063995,44,11,-279.5276,-1008.44324,2383.707,-201.37865,-1152.0939,2654.7432,29.022882,-58.12555,-425.05167
115.063995,44,12,-94.602104,-154.4445,2325.1023,51.739655,-110.18582,2786.7432,47.749992,31.239746,-68.83474
115.063995,44,13,-123.470985,-653.6507,2143.034,36.132233,-641.9525,2797.9985,13.260274,-32.600952,193.32458
115.065,44,14,-136.57483,-1165.0565,2132.2332,4.8036594,-1152.5635,2796.4458,-18.231724,0.68084717,9.2477
115.563995,45,0,-234.81981,651.476,1937.7595,-147.10074,636.5041,2985.9004,-29.416557,-8.458298,42.885166
115.563995,45,1,-238.39296,401.31934,1918.3356,-120.726845,389.84436,2922.3123,-29.855436,-8.388351,37.44149
115.563995,45,2,-429.82333,407.09344,1898.7704,-312.47244,371.9149,2918.9734,-30.076645,-32.08484,53.66899
115.563995,45,3,-491.6546,86.962524,1862.7548,-559.8367,183.96237,2901.7053,-198.95422,121.98064,17.810642
115.563995,45,4,-502.83405,-228.86761,1730.796,-741.9785,418.79047,2731.2583,-170.8962,550.5729,-38.426315
115.565,45,5,-46.962563,395.54523,1937.9008,71.018745,407.7738,2925.6511,-29.633926,15.304749,21.213081
115.565,45,6,47.61328,66.029755,1903.8678,387.5682,411.54367,2895.0579,248.30676,333.59894,0.8947029
115.565,45,7,-64.34489,-242.76239,1790.0895,498.72592,737.4708,2864.9138,223.73718,636.541,83.46579
115.565,45,8,-243.14923,137.32407,1886.9614,-95.615555,134.11397,2853.4634,0.0,0.0,0.0
115.565,45,9,-370.67712,-122.96806,1843.0394,-192.74817,-133.047,2782.4858,30.340439,-7.0196533,-27.095612
115.565,45,10,-289.28845,-611.09186,1647.3352,-223.35916,-663.8033,2804.2573,-112.00376,-42.703552,217.47862
115.565,45,11,-253.89453,-1112.2837,1550.4934,-201.37865,-1152.0939,2654.7432,-13.389906,12.379181,-52.83223
115.565,45,12,-125.13392,-130.37434,1868.1351,51.739655,-110.18582,2786.7432,29.423088,23.260712,-47.931587
115.565,45,13,-94.01944,-661.16473,1846.1676,36.132233,-641.9525,2797.9985,-46.723087,-1.0167847,33.223755
115.565,45,14,-92.37155,-1172.1956,1872.035,4.8036594,-1152.5635,2796.4458,-32.98346,0.30578613,-27.420513
117.063995,46,0,-230.4292,667.7963,1553.4694,-147.10074,636.5041,2985.9004,-15.800751,-7.8938904,38.598373
117.063995,46,1,-220.51582,419.41312,1530.0703,-120.726845,389.84436,2922.3123,-14.893297,-9.05394,45.329643
117.063995,46,2,-408.89673,415.66492,1490.4346,-312.47244,371.9149,2918.9734,-18.207703,-23.24443,81.62366
117.063995,46,3,-550.8828,202.3368,1503.9711,-559.8367,183.96237,2901.7053,-62.025192,58.31607,-27.778172
117.063995,46,4,-381.61707,25.28543,1288.1996,-741.9785,418.79047,2731.2583,-342.81192,400.79742,53.368225
117.063995,46,5,-32.134933,423.16132,1569.706,71.018745,407.7738,2925.6511,-11.576202,5.108917,9.028198
117.063995,46,6,28.698418,131.48239,1542.6372,387.5682,411.54367,2895.0579,236.94043,295.2252,-1.7098179
117.063995,46,7,-99.22756,-139.01215,1365.3872,498.72592,737.4708,2864.9138,239.75919,598.40234,146.92278
117.065,46,8,-210.30289,154.68027,1506.565,-95.615555,134.11397,2853.4634,0.0,0.0,0.0
117.065,46,9,-319.70123,-112.432465,1457.8931,-192.74817,-133.047,2782.4858,12.357071,0.20300293,-22.238922
117.065,46,10,-298.78592,-641.8861,1507.1921,-223.35916,-663.8033,2804.2573,-51.530396,-1.3735962,-27.52468
117.065,46,11,-298.78488,-1153.5737,1507.1893,-201.37865,-1152.0939,2654.7432,22.002975,22.87503,-149.67119
117.065,46,12,-80.47864,-107.6727,1508.2261,51.739655,-110.18582,2786.7432,17.39241,18.282867,-68.31862
117.065,46,13,-89.88179,-543.5626,1203.3163,36.132233,-641.9525,2797.9985,-6.201853,-95.794464,316.16342
117.065,46,14,-99.06316,-962.98083,911.1542,4.8036594,-1152.5635,2796.4458,-22.126076,-90.84848,290.6104
117.563995,47,0,-149.84688,671.23834,1239.7992,-147.10074,636.5041,2985.9004,-48.56124,-4.5964355,20.02182
117.563995,47,1,-172.59233,425.20184,1197.5785,-120.726845,389.84436,2922.3123,-49.562935,-5.26799,23.565163
117.563995,47,2,-363.94623,440.62653,1212.0088,-312.47244,371.9149,2918.9734,-49.913513,-38.658676,5.7858734
117.565,47,3,-568.78394,438.85254,1346.8811,-559.8367,183.96237,2901.7053,-42.52652,-186.17853,-152.14038
117.565,47,4,-425.95593,149.0863,1217.7086,-741.9785,418.79047,2731.2583,-327.80145,528.245,-43.924347
117.565,47,5,18.76153,409.77722,1183.1482,71.018745,407.7738,2925.6511,-49.204453,28.042679,41.32292
117.565,47,6,39.066574,137.07178,1124.7214,387.5682,411.54367,2895.0579,258.01086,276.02,31.52862
117.565,47,7,-120.52774,-148.47693,1007.75073,498.72592,737.4708,2864.9138,271.30756,613.10474,86.67601
117.565,47,8,-197.04492,164.21309,1152.2974,-95.615555,134.11397,2853.4634,0.0,0.0,0.0
117.565,47,9,-343.4979,-86.94147,1116.2166,-192.74817,-133.047,2782.4858,49.330902,-15.977402,-34.889023
117.565,47,10,-338.10123,-609.1885,1014.14777,-223.35916,-663.8033,2804.2573,-36.011757,-8.580322,123.843185
117.565,47,11,-327.2812,-1097.8524,862.77167,-201.37865,-1152.0939,2654.7432,11.183975,-0.14865112,1.7021027
117.565,47,12,-99.497116,-106.60989,1097.8159,51.739655,-110.18582,2786.7432,49.791412,26.549728,-12.231529
117.566,47,13,-104.4817,-635.9059,1042.9524,36.132233,-641.9525,2797.9985,-10.624026,-2.5111084,66.11975
117.566,47,14,-113.48624,-1140.5522,958.8381,4.8036594,-1152.5635,2796.4458,-22.331024,-6.0785522,82.56124
119.063995,48,0,-376.28317,610.07996,964.4043,-147.10074,636.5041,2985.9004,-3.2374077,-5.4450226,25.206142
119.063995,48,1,-353.71085,363.25146,927.3825,-120.726845,389.84436,2922.3123,-0.63072014,-6.1785736,29.188568
119.063995,48,2,-545.0784,346.10645,922.4829,-312.47244,371.9149,2918.9734,-0.816452,-7.111679,30.707916
119.063995,48,3,-608.43506,17.478485,1017.65186,-559.8367,183.96237,2901.7053,-213.263,118.44658,-114.47928
119.063995,48,4,-558.9394,-317.55316,937.804,-741.9785,418.79047,2731.2583,-234.48582,573.532,-93.26462
119.063995,48,5,-162.34323,380.39648,932.2821,71.018745,407.7738,2925.6511,-0.41261292,-5.5757446,27.580307
119.065,48,6,-159.74335,32.467896,929.73456,387.5682,411.54367,2895.0579,343.70972,352.0529,-30.921917
119.065,48,7,-180.19379,-311.98376,884.9881,498.72592,737.4708,2864.9138,132.33795,672.5187,14.404509
119.065,48,8,-329.23712,101.4122,887.74097,-95.615555,134.11397,2853.4634,0.0,0.0,0.0
119.065,48,9,-426.7664,-171.35757,844.97577,-192.74817,-133.047,2782.4858,0.4551468,5.7697144,-28.169594
119.065,48,10,-321.4509,-675.3804,710.5929,-223.35916,-663.8033,2804.2573,-135.93059,-26.804535,156.15727
119.065,48,11,-192.44899,-1143.993,550.64,-201.37865,-1152.0939,2654.7432,-106.997894,-20.19992,10.278885
119.065,48,12,-182.7604,-149.49655,851.2231,51.739655,-110.18582,2786.7432,0.7897644,6.7560577,-30.162155
119.065,48,13,-76.313324,-645.28467,841.52936,36.132233,-641.9525,2797.9985,-121.32312,-11.059418,20.421658
119.065,48,14,26.039627,-1122.004,832.20844,4.8036594,-1152.5635,2796.4458,-132.21783,-10.035461,7.8407335
119.599,49,0,-464.62482,468.43073,753.22577,-147.10074,636.5041,2985.9004,49.500637,3.1729736,42.519505
119.599,49,1,-389.31512,230.22658,733.519,-120.726845,389.84436,2922.3123,55.370403,3.0399628,47.93406
119.599,49,2,-533.3941,194.46333,610.9824,-312.47244,371.9149,2918.9734,7.7849884,20.852936,167.12555
119.599,49,3,-535.0175,-153.46877,613.83453,-559.8367,183.96237,2901.7053,-274.9962,137.75075,-22.162445
119.599,49,4,-528.54193,-500.9629,597.2666,-741.9785,418.79047,2731.2583,-191.4634,585.99146,-156.54233
119.599,49,5,-245.23611,265.9898,856.05554,71.018745,407.7738,2925.6511,102.96118,-14.829468,-71.27263
119.599,49,6,-245.16106,-81.95776,855.98584,387.5682,411.54367,2895.0579,346.2345,352.07187,-33.399757
119.6,49,7,-247.94427,-429.78424,847.2403,498.72592,737.4708,2864.9138,114.67078,675.8936,-21.596418
119.6,49,8,-308.84094,-22.387365,712.62476,-95.615555,134.11397,2853.4634,0.0,0.0,0.0
119.6,49,9,-320.22174,-297.8015,613.60956,-192.74817,-133.047,2782.4858,-85.71728,8.348206,28.062897
119.6,49,10,-317.3983,-829.93414,609.6116,-223.35916,-663.8033,2804.2573,-33.438545,1.3053589,25.772383
119.6,49,11,-294.46686,-1340.1202,577.85333,-201.37865,-1152.0939,2654.7432,-0.92741203,21.373444,-117.91579
119.6,49,12,-136.51178,-252.20108,769.8515,51.739655,-110.18582,2786.7432,-25.026276,-14.3993225,-123.92327
119.6,49,13,-133.33798,-784.3467,769.6376,36.132233,-641.9525,2797.9985,-18.782402,0.338562,11.470153
119.6,49,14,-113.25865,-1295.6382,768.20776,4.8036594,-1152.5635,2796.4458,-51.414894,0.56658936,-0.123271346
121.062,50,0,-461.70975,475.30457,509.11447,-147.10074,636.5041,2985.9004,42.916008,5.686554,112.30325
121.063,50,1,-393.02072,239.95103,559.2783,-120.726845,389.84436,2922.3123,47.652126,5.607376,122.5456
121.063,50,2,-522.3312,175.15549,433.3752,-312.47244,371.9149,2918.9734,-14.254623,52.280777,245.05405
121.063,50,3,-522.40234,-172.79214,433.5008,-559.8367,183.96237,2901.7053,-276.54852,137.7662,-19.435919
121.063,50,4,-521.03754,-520.71594,429.66202,-741.9785,418.79047,2731.2583,-186.35179,586.42004,-169.2707
121.063,50,5,-263.7103,304.74655,685.18146,71.018745,407.7738,2925.6511,109.60576,-41.546173,-0.09214783
121.063,50,6,-263.70712,-43.20105,685.1784,387.5682,411.54367,2895.0579,346.3064,352.0719,-33.466408
121.063,50,7,-264.302,-391.14236,683.16425,498.72592,737.4708,2864.9138,112.48246,676.00854,-28.32781
121.063,50,8,-320.29987,-9.738563,613.09174,-95.615555,134.11397,2853.4634,0.0,0.0,0.0
121.063,50,9,-330.01855,-300.7374,586.6379,-192.74817,-133.047,2782.4858,-87.20271,24.418823,-44.36934
121.063995,50,10,-329.89462,-832.89246,586.46185,-223.35916,-663.8033,2804.2573,-30.739016,1.3278198,21.950418
121.063995,50,11,-324.7107,-1344.5015,579.1416,-201.37865,-1152.0939,2654.7432,16.820084,22.796417,-142.35374
121.063995,50,12,-165.13947,-218.11893,747.1724,51.739655,-110.18582,2786.7432,-8.125473,-35.388428,-200.65588
121.063995,50,13,-164.99988,-750.27405,747.1631,36.132233,-641.9525,2797.9985,-15.748195,0.34802246,11.265564
121.063995,50,14,-160.40404,-1261.9409,746.85175,4.8036594,-1152.5635,2796.4458,-35.9314,0.9420166,-1.2417403
121.566,51,0,-452.83725,513.41626,631.74005,-147.10074,636.5041,2985.9004,35.418243,-1.5830994,57.725155
121.566,51,1,-391.62354,270.5831,627.27167,-120.726845,389.84436,2922.3123,40.23432,-2.0976562,64.53133
121.566,51,2,-574.01025,225.00429,586.78894,-312.47244,371.9149,2918.9734,31.090515,25.50412,101.66077
121.566,51,3,-574.0117,-122.943436,586.79333,-559.8367,183.96237,2901.7053,-276.61826,137.76628,-19.314735
121.566,51,4,-573.7357,-470.89014,586.0008,-741.9785,418.79047,2731.2583,-185.26305,586.443,-172.317
121.566,51,5,-209.23682,316.1619,667.7544,71.018745,407.7738,2925.6511,49.391174,-29.83374,27.36573
121.567,51,6,-209.23703,-31.785736,667.7543,387.5682,411.54367,2895.0579,346.3098,352.07193,-33.46934
121.567,51,7,-209.35695,-379.7331,667.339,498.72592,737.4708,2864.9138,112.0075,676.0145,-29.926687
121.567,51,8,-326.29865,12.966052,623.0109,-95.615555,134.11397,2853.4634,0.0,0.0,0.0
121.567,51,9,-377.25116,-273.70892,592.94116,-192.74817,-133.047,2782.4858,-46.086914,19.770355,-40.839684
121.567,51,10,-377.2468,-805.8641,592.935,-223.35916,-663.8033,2804.2573,-30.619455,1.3278198,21.780563
121.567,51,11,-376.18268,-1317.5483,591.4254,-201.37865,-1152.0939,2654.7432,20.939894,22.871704,-148.1644
121.567,51,12,-144.69635,-215.59303,644.5592,51.739655,-110.18582,2786.7432,-34.388382,-15.506454,-88.20452
121.567,51,13,-144.69144,-747.74817,644.5589,36.132233,-641.9525,2797.9985,-15.613521,0.34802246,11.256531
121.567,51,14,-143.74513,-1259.4349,644.49554,4.8036594,-1152.5635,2796.4458,-32.281868,0.961853,-1.4897264
123.066,52,0,-498.24112,407.81934,833.1351,-147.10074,636.5041,2985.9004,49.912243,43.113937,-71.05347
123.066,52,1,-422.5078,209.44385,699.82635,-120.726845,389.84436,2922.3123,54.868183,45.31714,-72.92582
123.066,52,2,-605.5612,170.6922,654.08307,-312.47244,371.9149,2918.9734,46.152756,66.12689,-30.524559
123.066,52,3,-605.5603,-177.25552,654.08325,-559.8367,183.96237,2901.7053,-276.62064,137.76628,-19.310524
123.066,52,4,-605.50464,-525.2029,653.92,-741.9785,418.79047,2731.2583,-185.04254,586.4434,-172.9461
123.066,52,5,-239.4544,248.1955,745.56964,71.018745,407.7738,2925.6511,63.585556,24.487,-115.33257
123.066,52,6,-239.45462,-99.75214,745.56964,387.5682,411.54367,2895.0579,346.3098,352.07193,-33.469463
123.067,52,7,-239.47623,-447.69943,745.48413,498.72592,737.4708,2864.9138,111.90908,676.01416,-30.256432
123.067,52,8,-342.52417,-1.0118678,558.0402,-95.615555,134.11397,2853.4634,0.0,0.0,0.0
123.067,52,9,-379.24298,-236.17302,387.0913,-192.74817,-133.047,2782.4858,-60.427956,-32.03871,99.96104
123.067,52,10,-379.24283,-768.3282,387.0911,-223.35916,-663.8033,2804.2573,-30.615244,1.3278198,21.774612
123.067,52,11,-379.02386,-1280.0156,386.78018,-201.37865,-1152.0939,2654.7432,21.785048,22.874878,-149.36307
123.067,52,12,-145.83804,-186.76216,445.41687,51.739655,-110.18582,2786.7432,-49.309387,-58.585205,45.893387
123.067,52,13,-145.83788,-718.9173,445.41687,36.132233,-641.9525,2797.9985,-15.608775,0.34802246,11.256226
123.067,52,14,-145.64304,-1230.605,445.40387,4.8036594,-1152.5635,2796.4458,-31.530407,0.9627075,-1.5400805
123.598,53,0,-497.87622,407.57513,833.69727,-147.10074,636.5041,2985.9004,49.51428,43.37825,-71.67179
123.598,53,1,-422.54,209.45581,699.7681,-120.726845,389.84436,2922.3123,54.874504,45.29294,-72.88754
123.598,53,2,-605.599,170.6772,654.04987,-312.47244,371.9149,2918.9734,46.158844,66.12833,-30.51162
123.598,53,3,-605.5981,-177.27052,654.04987,-559.8367,183.96237,2901.7053,-276.62064,137.76628,-19.31034
123.598,53,4,-605.59204,-525.21783,654.0196,-741.9785,418.79047,2731.2583,-184.99287,586.44336,-173.07907
123.598,53,5,-239.48099,248.23442,745.4864,71.018745,407.7738,2925.6511,63.59224,24.435608,-115.26938
123.598,53,6,-239.4812,-99.71321,745.4864,387.5682,411.54367,2895.0579,346.3098,352.07193,-33.469463
123.599,53,7,-239.4806,-447.66052,745.4705,498.72592,737.4708,2864.9138,111.886894,676.0143,-30.326077
123.599,53,8,-342.5492,-1.032758,558.01794,-95.615555,134.11397,2853.4634,0.0,0.0,0.0
123.599,53,9,-379.2644,-236.24394,387.1209,-192.74817,-133.047,2782.4858,-60.4347,-31.997345,99.90685
123.599,53,10,-379.2644,-768.3991,387.1209,-223.35916,-663.8033,2804.2573,-30.615091,1.3278198,21.774399
123.599,53,11,-379.22385,-1280.0868,387.0633,-201.37865,-1152.0939,2654.7432,21.963457,22.87503,-149.61641
123.599,53,12,-145.85236,-186.79872,445.4146,51.739655,-110.18582,2786.7432,-49.315353,-58.577393,45.871216
123.599,53,13,-145.85236,-718.95386,445.4146,36.132233,-641.9525,2797.9985,-15.608607,0.34802246,11.256226
123.599,53,14,-145.81625,-1230.6415,445.4122,4.8036594,-1152.5635,2796.4458,-31.371666,0.9627075,-1.55067
125.066,54,0,-497.88568,407.62854,833.6128,-147.10074,636.5041,2985.9004,49.522537,43.330917,-71.59712
125.066,54,1,-422.5412,209.4618,699.7583,-120.726845,389.84436,2922.3123,54.87562,45.286743,-72.877686
125.066,54,2,-605.6004,170.6769,654.0464,-312.47244,371.9149,2918.9734,46.16014,66.12836,-30.508125
125.066,54,3,-605.5995,-177.27083,654.0464,-559.8367,183.96237,2901.7053,-276.62064,137.76628,-19.31034
125.066,54,4,-605.60236,-525.2181,654.0395,-741.9785,418.79047,2731.2583,-184.98395,586.44324,-173.10242
125.066,54,5,-239.48201,248.24672,745.4702,71.018745,407.7738,2925.6511,63.59323,24.42302,-115.2532
125.067,54,6,-239.48222,-99.70091,745.4702,387.5682,411.54367,2895.0579,346.3098,352.07193,-33.469463
125.067,54,7,-239.47716,-447.6482,745.4666,498.72592,737.4708,2864.9138,111.88239,676.01416,-30.338337
125.067,54,8,-342.54926,-1.033081,558.01794,-95.615555,134.11397,2853.4634,0.0,0.0,0.0
125.067,54,9,-379.26346,-236.25461,387.13474,-192.74817,-133.047,2782.4858,-60.435745,-31.987091,99.893005
125.067,54,10,-379.26346,-768.4098,387.13474,-223.35916,-663.8033,2804.2573,-30.615091,1.3278198,21.774399
125.067,54,11,-379.25418,-1280.0974,387.12155,-201.37865,-1152.0939,2654.7432,21.994736,22.87503,-149.66081
125.067,54,12,-145.85117,-186.80133,445.42038,51.739655,-110.18582,2786.7432,-49.31656,-58.575165,45.865433
125.067,54,13,-145.85117,-718.9565,445.42038,36.132233,-641.9525,2797.9985,-15.608607,0.34802246,11.256226
125.067,54,14,-145.84291,-1230.6442,445.41983,4.8036594,-1152.5635,2796.4458,-31.343822,0.9627075,-1.5525317
125.602005,55,0,-425.7908,481.2868,839.9868,-147.10074,636.5041,2985.9004,-99.16576,18.275131,-25.089088
125.602005,55,1,-499.19867,258.66336,752.7948,-120.726845,389.84436,2922.3123,-101.91284,18.257614,-23.081833
125.602005,55,2,-678.094,319.665,745.1572,-312.47244,371.9149,2918.9734,-113.16731,-61.902985,-19.125473
125.602005,55,3,-678.0931,-28.282715,745.1572,-559.8367,183.96237,2901.7053,-276.62064,137.76628,-19.31034
125.602005,55,4,-678.09875,-376.22998,745.15594,-741.9785,418.79047,2731.2583,-184.98114,586.44324,-173.10803
125.602005,55,5,-320.30334,197.66173,760.4324,71.018745,407.7738,2925.6511,-90.39021,95.68565,-27.77385
125.602005,55,6,-320.30356,-150.2859,760.4324,387.5682,411.54367,2895.0579,346.3098,352.07193,-33.469463
125.603,55,7,-320.29764,-498.23315,760.4317,498.72592,737.4708,2864.9138,111.88154,676.01416,-30.341267
125.603,55,8,-576.0575,21.77383,661.0211,-95.615555,134.11397,2853.4634,0.0,0.0,0.0
125.603,55,9,-766.96783,-176.2252,564.37823,-192.74817,-133.047,2782.4858,94.26395,-67.82457,26.020645
125.603,55,10,-766.96783,-708.3804,564.37823,-223.35916,-663.8033,2804.2573,-30.615091,1.3278198,21.774399
125.603,55,11,-766.9661,-1220.068,564.3758,-201.37865,-1152.0939,2654.7432,22.002304,22.87503,-149.67155
125.603,55,12,-538.8648,-254.00623,574.11664,51.739655,-110.18582,2786.7432,109.42499,32.70302,20.518211
125.603,55,13,-538.8648,-786.1614,574.11664,36.132233,-641.9525,2797.9985,-15.608607,0.34802246,11.256226
125.603,55,14,-538.8633,-1297.849,574.1165,4.8036594,-1152.5635,2796.4458,-31.33709,0.9627075,-1.5529588
127.065,56,0,-390.1358,499.2221,725.69116,-147.10074,636.5041,2985.9004,-114.33641,11.877228,14.282063
127.066,56,1,-478.6539,269.63562,677.7246,-120.726845,389.84436,2922.3123,-119.48611,12.311371,17.758316
127.066,56,2,-629.55396,347.2403,586.70374,-312.47244,371.9149,2918.9734,-160.31772,-83.25166,105.432465
127.066,56,3,-629.55304,-0.707428,586.70374,-559.8367,183.96237,2901.7053,-276.62064,137.76628,-19.31034
127.066,56,4,-629.55896,-348.6547,586.7034,-741.9785,418.79047,2731.2583,-184.9809,586.44324,-173.10901
127.066,56,5,-327.75388,192.03093,768.7455,71.018745,407.7738,2925.6511,-78.64867,107.81448,-69.93197
127.066,56,6,-327.7541,-155.9167,768.7455,387.5682,411.54367,2895.0579,346.3098,352.07193,-33.469463
127.066,56,7,-327.74817,-503.86395,768.7453,498.72592,737.4708,2864.9138,111.88154,676.01416,-30.341755
127.066,56,8,-573.0272,26.201363,626.62994,-95.615555,134.11397,2853.4634,0.0,0.0,0.0
127.066,56,9,-763.6041,-167.75742,517.50653,-192.74817,-133.047,2782.4858,93.44432,-73.20209,38.145897
127.067,56,10,-763.6041,-699.9126,517.50653,-223.35916,-663.8033,2804.2573,-30.615091,1.3278198,21.774399
127.067,56,11,-763.60376,-1211.6002,517.506,-201.37865,-1152.0939,2654.7432,22.003647,22.87503,-149.67345
127.067,56,12,-571.1969,-266.70837,633.564,51.739655,-110.18582,2786.7432,145.52489,48.60994,-73.6543
127.067,56,13,-571.1969,-798.8635,633.564,36.132233,-641.9525,2797.9985,-15.608607,0.34802246,11.256226
127.067,56,14,-571.19653,-1310.5511,633.564,4.8036594,-1152.5635,2796.4458,-31.33593,0.9627075,-1.5530809
127.601,57,0,-257.3479,346.13513,519.62537,-147.10074,636.5041,2985.9004,-215.76949,160.583,204.50868
127.601,57,1,-447.29572,265.22296,661.8773,-120.726845,389.84436,2922.3123,-226.78447,170.37029,219.96097
127.602005,57,2,-572.32294,319.98065,525.9579,-312.47244,371.9149,2918.9734,-293.53058,97.67009,352.53827
127.602005,57,3,-572.322,-27.967072,525.9579,-559.8367,183.96237,2901.7053,-276.62064,137.76628,-19.31034
127.602005,57,4,-572.32794,-375.91434,525.9578,-741.9785,418.79047,2731.2583,-184.9809,586.44324,-173.10925
127.602005,57,5,-322.2685,210.4653,797.79675,71.018745,407.7738,2925.6511,-160.03645,243.04955,87.378075
127.602005,57,6,-322.2687,-137.48233,797.79675,387.5682,411.54367,2895.0579,346.3098,352.07193,-33.469463
127.602005,57,7,-322.2628,-485.4296,797.79675,498.72592,737.4708,2864.9138,111.88154,676.01416,-30.341938
127.602005,57,8,-648.9641,179.8142,812.9763,-95.615555,134.11397,2853.4634,0.0,0.0,0.0
127.602005,57,9,-930.3414,129.31519,877.4223,-192.74817,-133.047,2782.4858,184.22821,-216.70717,-135.43555
127.602005,57,10,-930.3414,-402.83997,877.4223,-223.35916,-663.8033,2804.2573,-30.615091,1.3278198,21.774399
127.602005,57,11,-930.3413,-914.5276,877.4222,-201.37865,-1152.0939,2654.7432,22.003952,22.87503,-149.67387
127.603,57,12,-770.92365,59.495636,1050.7283,51.739655,-110.18582,2786.7432,269.33972,-124.022675,-304.4835
127.603,57,13,-770.92365,-472.65952,1050.7283,36.132233,-641.9525,2797.9985,-15.608607,0.34802246,11.256226
127.603,57,14,-770.9236,-984.34717,1050.7283,4.8036594,-1152.5635,2796.4458,-31.335625,0.96273804,-1.5530809
129.07,58,0,-308.57535,258.16534,813.3401,-147.10074,636.5041,2985.9004,-100.060646,37.434814,-63.073994
129.07,58,1,-382.8189,54.147964,688.02045,-120.726845,389.84436,2922.3123,-104.36012,39.311203,-64.00944
129.07,58,2,-401.37354,159.34058,527.7332,-312.47244,371.9149,2918.9734,-277.55524,-83.80904,92.939445
129.07,58,3,-401.37262,-188.60715,527.7332,-559.8367,183.96237,2901.7053,-276.62064,137.76628,-19.31034
129.07,58,4,-401.37854,-536.55444,527.7332,-741.9785,418.79047,2731.2583,-184.9809,586.4433,-173.10931
129.07,58,5,-364.26428,-51.044647,848.3076,71.018745,407.7738,2925.6511,68.83461,162.43593,-220.95706
129.07,58,6,-364.2645,-398.99228,848.3076,387.5682,411.54367,2895.0579,346.3098,352.07193,-33.469463
129.07,58,7,-364.25858,-746.9396,848.3076,498.72592,737.4708,2864.9138,111.88155,676.01416,-30.341942
129.071,58,8,-462.06744,-162.27425,555.1613,-95.615555,134.11397,2853.4634,0.0,0.0,0.0
129.071,58,9,-553.14514,-311.63278,320.11395,-192.74817,-133.047,2782.4858,-6.056526,-117.80684,164.06865
129.071,58,10,-553.14514,-843.78796,320.11395,-223.35916,-663.8033,2804.2573,-30.615091,1.3278198,21.774399
129.071,58,11,-553.14514,-1355.4756,320.11392,-201.37865,-1152.0939,2654.7432,22.004013,22.87503,-149.67397
129.071,58,12,-529.4868,-445.76013,524.4904,51.739655,-110.18582,2786.7432,214.777,39.18213,-36.050407
129.071,58,13,-529.4868,-977.9153,524.4904,36.132233,-641.9525,2797.9985,-15.608607,0.34802246,11.256226
129.071,58,14,-529.4868,-1489.6029,524.4904,4.8036594,-1152.5635,2796.4458,-31.335564,0.9627075,-1.5530809
129.60199,59,0,-308.64197,258.1726,813.3796,-147.10074,636.5041,2985.9004,-100.020355,37.417755,-63.08158
129.60199,59,1,-382.8404,54.09279,688.04065,-120.726845,389.84436,2922.3123,-104.31967,39.305756,-64.03642
129.60199,59,2,-401.40308,159.29077,527.74896,-312.47244,371.9149,2918.9734,-277.53162,-83.83542,92.91293
129.60199,59,3,-401.40216,-188.65695,527.74896,-559.8367,183.96237,2901.7053,-276.62064,137.76628,-19.31034
129.60199,59,4,-401.40808,-536.60425,527.74896,-741.9785,418.79047,2731.2583,-184.9809,586.4433,-173.10931
129.60199,59,5,-364.27777,-51.10518,848.33234,71.018745,407.7738,2925.6511,68.89453,162.42519,-220.99164
129.60199,59,6,-364.27798,-399.0528,848.33234,387.5682,411.54367,2895.0579,346.3098,352.07193,-33.469463
129.60199,59,7,-364.27206,-747.00006,848.33234,498.72592,737.4708,2864.9138,111.88154,676.01416,-30.341938
129.603,59,8,-462.04376,-162.3829,555.1416,-95.615555,134.11397,2853.4634,0.0,0.0,0.0
129.603,59,9,-553.0814,-311.7915,320.05145,-192.74817,-133.047,2782.4858,-6.1122894,-117.80002,164.09995
129.603,59,10,-553.0814,-843.94666,320.05145,-223.35916,-663.8033,2804.2573,-30.615091,1.3278198,21.774399
129.603,59,11,-553.0814,-1355.6343,320.05145,-201.37865,-1152.0939,2654.7432,22.004013,22.87503,-149.674
129.603,59,12,-529.41284,-445.9257,524.43365,51.739655,-110.18582,2786.7432,214.7505,39.19954,-36.02413
129.603,59,13,-529.41284,-978.0808,524.43365,36.132233,-641.9525,2797.9985,-15.608607,0.34802246,11.256226
129.603,59,14,-529.41284,-1489.7684,524.43365,4.8036594,-1152.5635,2796.4458,-31.335564,0.9627075,-1.5530809
131.07,60,0,-308.67078,258.17868,813.38666,-147.10074,636.5041,2985.9004,-100.00638,37.41481,-63.08507
131.07,60,1,-382.85522,54.095963,688.04425,-120.726845,389.84436,2922.3123,-104.30484,39.30255,-64.04003
131.07,60,2,-401.41968,159.29428,527.7529,-312.47244,371.9149,2918.9734,-277.515,-83.83893,92.908966
131.07,60,3,-401.41876,-188.65344,527.7529,-559.8367,183.96237,2901.7053,-276.62064,137.76628,-19.31034
131.07,60,4,-401.42468,-536.6007,527.7529,-741.9785,418.79047,2731.2583,-184.9809,586.44324,-173.10931
131.071,60,5,-364.29077,-51.10237,848.3356,71.018745,407.7738,2925.6511,68.90753,162.42238,-220.99487
131.071,60,6,-364.291,-399.05,848.3356,387.5682,411.54367,2895.0579,346.3098,352.07193,-33.469463
131.071,60,7,-364.28506,-746.99725,848.3356,498.72592,737.4708,2864.9138,111.88154,676.01416,-30.341938
131.071,60,8,-462.04376,-162.3829,555.1416,-95.615555,134.11397,2853.4634,0.0,0.0,0.0
131.071,60,9,-553.06775,-311.79443,320.04803,-192.74817,-133.047,2782.4858,-6.125946,-117.79706,164.10336
131.071,60,10,-553.06775,-843.9496,320.04803,-223.35916,-663.8033,2804.2573,-30.615091,1.3278198,21.774399
131.071,60,11,-553.06775,-1355.6372,320.04803,-201.37865,-1152.0939,2654.7432,22.004013,22.87503,-149.674
131.071,60,12,-529.39685,-445.92908,524.4298,51.739655,-110.18582,2786.7432,214.73451,39.202927,-36.020287
131.071,60,13,-529.39685,-978.0842,524.4298,36.132233,-641.9525,2797.9985,-15.608607,0.34802246,11.256226
131.071,60,14,-529.39685,-1489.7719,524.4298,4.8036594,-1152.5635,2796.4458,-31.335564,0.9627075,-1.5530809
131.601,61,0,-308.6721,258.1789,813.38696,-147.10074,636.5041,2985.9004,-99.990265,37.411407,-63.089043
131.60199,61,1,-382.84042,54.09279,688.0406,-120.726845,389.84436,2922.3123,-104.31964,39.305725,-64.03637
131.60199,61,2,-401.40308,159.29088,527.7488,-312.47244,371.9149,2918.9734,-277.53168,-83.835464,92.91313
131.60199,61,3,-401.40216,-188.65685,527.7488,-559.8367,183.96237,2901.7053,-276.62064,137.76628,-19.31034
131.60199,61,4,-401.40808,-536.6041,527.7488,-741.9785,418.79047,2731.2583,-184.9809,586.44324,-173.10931
131.60199,61,5,-364.27777,-51.1053,848.3324,71.018745,407.7738,2925.6511,68.89456,162.42534,-220.99168
131.60199,61,6,-364.27798,-399.05292,848.3324,387.5682,411.54367,2895.0579,346.3098,352.07193,-33.469463
131.60199,61,7,-364.27206,-747.0002,848.3324,498.72592,737.4708,2864.9138,111.88154,676.01416,-30.341938
131.60199,61,8,-462.04376,-162.3829,555.1416,-95.615555,134.11397,2853.4634,0.0,0.0,0.0
131.60199,61,9,-553.0814,-311.79144,320.0514,-192.74817,-133.047,2782.4858,-6.1122894,-117.80008,164.1
131.60199,61,10,-553.0814,-843.9466,320.0514,-223.35916,-663.8033,2804.2573,-30.615091,1.3278198,21.774399
131.603,61,11,-553.0814,-1355.6343,320.0514,-201.37865,-1152.0939,2654.7432,22.004015,22.87503,-149.67403
131.603,61,12,-529.41284,-445.92578,524.4338,51.739655,-110.18582,2786.7432,214.75053,39.199585,-36.024277
131.603,61,13,-529.41284,-978.08093,524.4338,36.132233,-641.9525,2797.9985,-15.608607,0.34802246,11.256226
131.603,61,14,-529.41284,-1489.7686,524.4338,4.8036594,-1152.5635,2796.4458,-31.335564,0.9627075,-1.5530809
133.07,62,0,-308.66913,258.17838,813.3862,-147.10074,636.5041,2985.9004,-100.00717,37.414948,-63.084824
133.07,62,1,-382.85437,54.09578,688.04407,-120.726845,389.84436,2922.3123,-104.305695,39.302765,-64.03984
133.07,62,2,-401.4187,159.29424,527.7526,-312.47244,371.9149,2918.9734,-277.5161,-83.83876,92.9093
133.07,62,3,-401.4178,-188.65349,527.7526,-559.8367,183.96237,2901.7053,-276.62064,137.76628,-19.31034
133.07,62,4,-401.4237,-536.60077,527.7526,-741.9785,418.79047,2731.2583,-184.9809,586.44324,-173.10931
133.07,62,5,-364.29004,-51.102676,848.3355,71.018745,407.7738,2925.6511,68.90683,162.42271,-220.9948
133.071,62,6,-364.29025,-399.0503,848.3355,387.5682,411.54367,2895.0579,346.3098,352.07193,-33.469463
133.071,62,7,-364.28433,-746.99756,848.3355,498.72592,737.4708,2864.9138,111.88154,676.01416,-30.341938
133.071,62,8,-462.04376,-162.3829,555.1416,-95.615555,134.11397,2853.4634,0.0,0.0,0.0
133.071,62,9,-553.0685,-311.7942,320.04816,-192.74817,-133.047,2782.4858,-6.125229,-117.79733,164.10324
133.071,62,10,-553.0685,-843.94934,320.04816,-223.35916,-663.8033,2804.2573,-30.615091,1.3278198,21.774399
133.071,62,11,-553.0685,-1355.637,320.04816,-201.37865,-1152.0939,2654.7432,22.004013,22.87503,-149.674
133.071,62,12,-529.39777,-445.929,524.43005,51.739655,-110.18582,2786.7432,214.73547,39.20276,-36.02056
133.071,62,13,-529.39777,-978.0841,524.43005,36.132233,-641.9525,2797.9985,-15.608607,0.34802246,11.256226
133.071,62,14,-529.39777,-1489.7717,524.43005,4.8036594,-1152.5635,2796.4458,-31.335564,0.9627075,-1.5530809
133.606,63,0,-308.6691,258.17834,813.38635,-147.10074,636.5041,2985.9004,-100.0072,37.415024,-63.084938
133.606,63,1,-382.85437,54.095795,688.04407,-120.726845,389.84436,2922.3123,-104.305695,39.30275,-64.03984
133.606,63,2,-401.4187,159.2943,527.7526,-312.47244,371.9149,2918.9734,-277.51614,-83.83876,92.90932
133.606,63,3,-401.4178,-188.65343,527.7526,-559.8367,183.96237,2901.7053,-276.62064,137.76628,-19.31034
133.606,63,4,-401.4237,-536.6007,527.7526,-741.9785,418.79047,2731.2583,-184.9809,586.44324,-173.10931
133.606,63,5,-364.28998,-51.102722,848.3355,71.018745,407.7738,2925.6511,68.90677,162.42276,-220.9948
133.606,63,6,-364.2902,-399.05035,848.3355,387.5682,411.54367,2895.0579,346.3098,352.07193,-33.469463
133.606,63,7,-364.28427,-746.9976,848.3355,498.72592,737.4708,2864.9138,111.88154,676.01416,-30.341938
133.606,63,8,-462.04376,-162.3829,555.1416,-95.615555,134.11397,2853.4634,0.0,0.0,0.0
133.606,63,9,-553.06854,-311.7942,320.04822,-192.74817,-133.047,2782.4858,-6.125145,-117.79727,164.1032
133.606,63,10,-553.06854,-843.94934,320.04822,-223.35916,-663.8033,2804.2573,-30.615091,1.3278198,21.774399
133.607,63,11,-553.06854,-1355.637,320.04822,-201.37865,-1152.0939,2654.7432,22.004013,22.87503,-149.674
133.607,63,12,-529.39777,-445.92902,524.43005,51.739655,-110.18582,2786.7432,214.73549,39.20276,-36.02057
133.607,63,13,-529.39777,-978.08417,524.43005,36.132233,-641.9525,2797.9985,-15.608607,0.34802246,11.256226
133.607,63,14,-529.39777,-1489.7719,524.43005,4.8036594,-1152.5635,2796.4458,-31.335567,0.9627075,-1.553081
